group	fill	clickSelects
1	#FFFFFF	13
2	#FFFFFF	46
3	#FFFFFF	46
4	#FFFFFF	46
5	#FFFFFF	13
6	#FFFFFF	13
7	#FFFFFF	13
8	#FFFFFF	13
9	#FFFFFF	46
10	#FFFFFF	46
11	#FFFFFF	46
12	#FFFFFF	46
13	#FFFFFF	46
14	#FFFFFF	13
15	#FFFFFF	46
16	#FFFFFF	13
17	#FFFFFF	13
18	#FFFFFF	13
19	#FFFFFF	13
20	#FFFFFF	13
21	#FFFFFF	13
22	#FFFFFF	46
23	#FFFFFF	46
24	#FFFFFF	46
25	#FFFFFF	13
26	#FFFFFF	46
27	#FFFFFF	13
28	#FFFFFF	13
29	#FFFFFF	13
30	#FFFFFF	13
31	#FFFFFF	13
32	#FFFFFF	13
33	#FFFFFF	46
34	#FFFFFF	46
35	#FFFFFF	46
36	#FFFFFF	46
37	#FFFFFF	46
38	#FFFFFF	46
39	#FFFFFF	46
40	#FFFFFF	46
41	#FFFFFF	46
42	#FFFFFF	46
43	#FFFFFF	46
44	#FFFFFF	46
45	#FFFFFF	46
46	#FFFFFF	46
47	#FFFFFF	46
48	#FFFFFF	46
49	#FFFFFF	46
50	#FFFFFF	46
52	#FFFFFF	46
53	#FFFFFF	46
54	#FFFFFF	46
55	#FFFFFF	46
56	#FFFFFF	13
57	#FFFFFF	13
58	#FFFFFF	13
59	#FFFFFF	13
60	#FFFFFF	46
61	#FFFFFF	46
62	#FFFFFF	46
63	#FFFFFF	46
64	#FFFFFF	13
65	#FFFFFF	46
66	#FFFFFF	46
67	#FFFFFF	46
68	#FFFFFF	46
69	#FFFFFF	13
70	#FFFFFF	46
71	#FFFFFF	13
72	#FFFFFF	46
73	#FFFFFF	46
74	#FFFFFF	46
75	#FFFFFF	46
76	#FFFFFF	46
77	#FFFFFF	13
78	#FFFFFF	13
79	#FFFFFF	13
80	#FFFFFF	13
81	#FFFFFF	13
82	#FFFFFF	13
83	#FFFFFF	13
84	#FFFFFF	46
85	#FFFFFF	46
86	#FFFFFF	46
87	#FFFFFF	46
88	#FFFFFF	46
89	#FFFFFF	46
90	#FFFFFF	46
91	#FFFFFF	46
92	#FFFFFF	46
93	#FFFFFF	46
94	#FFFFFF	46
95	#FFFFFF	46
97	#FFFFFF	46
98	#FFFFFF	46
99	#FFFFFF	46
100	#FFFFFF	46
101	#FFFFFF	46
102	#FFFFFF	46
103	#FFFFFF	46
104	#FFFFFF	13
105	#FFFFFF	46
106	#FFFFFF	46
107	#FFFFFF	13
108	#FFFFFF	13
109	#FFFFFF	13
110	#FFFFFF	13
111	#FFFFFF	46
112	#FFFFFF	46
113	#FFFFFF	46
114	#FFFFFF	46
115	#FFFFFF	13
116	#FFFFFF	46
117	#FFFFFF	46
118	#FFFFFF	46
119	#FFFFFF	46
120	#FFFFFF	46
121	#FFFFFF	46
122	#FFFFFF	46
123	#FFFFFF	46
124	#FFFFFF	46
125	#FFFFFF	46
126	#FFFFFF	46
127	#FFFFFF	13
128	#FFFFFF	13
129	#FFFFFF	13
130	#FFFFFF	13
131	#FFFFFF	13
132	#FFFFFF	13
133	#FFFFFF	13
134	#FFFFFF	46
135	#FFFFFF	46
136	#FFFFFF	46
137	#FFFFFF	46
138	#FFFFFF	46
139	#FFFFFF	46
140	#FFFFFF	46
141	#FFFFFF	46
142	#FFFFFF	46
143	#FFFFFF	46
144	#FFFFFF	46
145	#FFFFFF	46
146	#FFFFFF	46
147	#FFFFFF	46
148	#FFFFFF	46
149	#FFFFFF	46
150	#FFFFFF	46
151	#FFFFFF	46
153	#FFFFFF	46
154	#FFFFFF	46
155	#FFFFFF	46
156	#FFFFFF	46
157	#FFFFFF	46
158	#FFFFFF	46
159	#FFFFFF	13
160	#FFFFFF	13
161	#FFFFFF	13
162	#FFFFFF	13
163	#FFFFFF	13
164	#FFFFFF	13
165	#FFFFFF	46
166	#FFFFFF	13
167	#FFFFFF	13
168	#FFFFFF	13
169	#FFFFFF	13
170	#FFFFFF	13
171	#FFFFFF	13
172	#FFFFFF	13
173	#FFFFFF	13
174	#FFFFFF	13
175	#FFFFFF	13
176	#FFFFFF	46
177	#FFFFFF	13
178	#FFFFFF	13
179	#FFFFFF	13
180	#FFFFFF	46
181	#FFFFFF	46
182	#FFFFFF	46
183	#FFFFFF	46
184	#FFFFFF	46
185	#FFFFFF	46
186	#FFFFFF	46
187	#FFFFFF	46
188	#FFFFFF	46
189	#FFFFFF	46
190	#FFFFFF	46
191	#FFFFFF	46
192	#FFFFFF	46
193	#FFFFFF	46
194	#FFFFFF	46
195	#FFFFFF	46
196	#FFFFFF	46
198	#FFFFFF	46
199	#FFFFFF	46
200	#FFFFFF	46
201	#FFFFFF	46
202	#FFFFFF	46
203	#FFFFFF	46
204	#FFFFFF	46
205	#FFFFFF	46
206	#FFFFFF	46
207	#FFFFFF	46
208	#FFFFFF	46
209	#FFFFFF	13
210	#FFFFFF	13
211	#FFFFFF	13
212	#FFFFFF	13
213	#FFFFFF	13
214	#FFFFFF	13
215	#FFFFFF	13
216	#FFFFFF	46
217	#FFFFFF	13
218	#FFFFFF	13
219	#FFFFFF	13
220	#FFFFFF	13
221	#FFFFFF	13
222	#FFFFFF	13
223	#FFFFFF	13
224	#FFFFFF	13
225	#FFFFFF	13
226	#FFFFFF	13
227	#FFFFFF	46
228	#FFFFFF	13
229	#FFFFFF	13
230	#FFFFFF	13
231	#FFFFFF	46
232	#FFFFFF	13
233	#FFFFFF	46
234	#FFFFFF	46
235	#FFFFFF	46
236	#FFFFFF	46
237	#FFFFFF	46
238	#FFFFFF	46
239	#FFFFFF	46
240	#FFFFFF	46
241	#FFFFFF	46
242	#FFFFFF	46
243	#FFFFFF	46
244	#FFFFFF	46
245	#FFFFFF	46
246	#FFFFFF	46
247	#FFFFFF	46
248	#FFFFFF	46
249	#FFFFFF	46
250	#FFFFFF	46
251	#FFFFFF	46
252	#FFFFFF	46
254	#FFFFFF	46
255	#FFFFFF	46
256	#FFFFFF	46
257	#FFFFFF	46
258	#FFFFFF	46
259	#FFFFFF	46
260	#FFFFFF	13
261	#FFFFFF	13
262	#FFFFFF	13
263	#FFFFFF	13
264	#FFFFFF	13
265	#FFFFFF	13
266	#FFFFFF	46
267	#FFFFFF	13
268	#FFFFFF	13
269	#FFFFFF	13
270	#FFFFFF	13
271	#FFFFFF	13
272	#FFFFFF	13
273	#FFFFFF	13
274	#FFFFFF	13
275	#FFFFFF	13
276	#FFFFFF	13
277	#FFFFFF	46
278	#FFFFFF	13
279	#FFFFFF	13
280	#FFFFFF	13
281	#FFFFFF	13
282	#FFFFFF	46
283	#FFFFFF	13
284	#FFFFFF	46
285	#FFFFFF	46
286	#FFFFFF	46
287	#FFFFFF	46
288	#FFFFFF	46
289	#FFFFFF	46
290	#FFFFFF	46
291	#FFFFFF	46
292	#FFFFFF	46
293	#FFFFFF	46
294	#FFFFFF	46
295	#FFFFFF	46
296	#FFFFFF	46
297	#FFFFFF	46
299	#FFFFFF	46
300	#FFFFFF	46
301	#FFFFFF	46
302	#FFFFFF	46
303	#FFFFFF	46
304	#FFFFFF	46
305	#FFFFFF	46
306	#FFFFFF	46
307	#FFFFFF	46
308	#FFFFFF	46
309	#FFFFFF	46
310	#FFFFFF	13
311	#FFFFFF	13
312	#FFFFFF	13
313	#FFFFFF	13
314	#FFFFFF	13
315	#FFFFFF	13
316	#FFFFFF	13
317	#FFFFFF	46
318	#FFFFFF	13
319	#FFFFFF	13
320	#FFFFFF	13
321	#FFFFFF	13
322	#FFFFFF	13
323	#FFFFFF	13
324	#FFFFFF	13
325	#FFFFFF	13
326	#FFFFFF	13
327	#FFFFFF	13
328	#FFFFFF	46
329	#FFFFFF	13
330	#FFFFFF	13
331	#FFFFFF	13
332	#FFFFFF	46
333	#FFFFFF	13
334	#FFFFFF	46
335	#FFFFFF	46
336	#FFFFFF	46
337	#FFFFFF	46
338	#FFFFFF	46
339	#FFFFFF	46
340	#FFFFFF	46
341	#FFFFFF	46
342	#FFFFFF	46
343	#FFFFFF	46
344	#FFFFFF	46
345	#FFFFFF	46
346	#FFFFFF	46
347	#FFFFFF	46
348	#FFFFFF	46
349	#FFFFFF	46
350	#FFFFFF	46
351	#FFFFFF	46
352	#FFFFFF	46
353	#FFFFFF	46
355	#FFFFFF	46
356	#FFFFFF	46
357	#FFFFFF	46
358	#FFFFFF	46
359	#FFFFFF	46
360	#FFFFFF	46
361	#FFFFFF	13
362	#FFFFFF	13
363	#FFFFFF	13
364	#FFFFFF	13
365	#FFFFFF	13
366	#FFFFFF	13
367	#FFFFFF	46
368	#FFFFFF	13
369	#FFFFFF	13
370	#FFFFFF	13
371	#FFFFFF	13
372	#FFFFFF	13
373	#FFFFFF	13
374	#FFFFFF	13
375	#FFFFFF	13
376	#FFFFFF	13
377	#FFFFFF	13
378	#FFFFFF	46
379	#FFFFFF	13
380	#FFFFFF	13
381	#FFFFFF	13
382	#FFFFFF	13
383	#FFFFFF	46
384	#FFFFFF	13
385	#FFFFFF	13
386	#FFFFFF	46
387	#FFFFFF	46
388	#FFFFFF	46
389	#FFFFFF	46
390	#FFFFFF	46
391	#FFFFFF	46
392	#FFFFFF	46
393	#FFFFFF	46
394	#FFFFFF	46
395	#FFFFFF	46
396	#FFFFFF	46
397	#FFFFFF	46
398	#FFFFFF	46
400	#FFFFFF	46
401	#FFFFFF	46
402	#FFFFFF	46
403	#FFFFFF	46
404	#FFFFFF	46
405	#FFFFFF	46
406	#FFFFFF	46
407	#FFFFFF	46
408	#FFFFFF	46
409	#FFFFFF	46
410	#FFFFFF	46
411	#FFFFFF	13
412	#FFFFFF	13
413	#FFFFFF	13
414	#FFFFFF	13
415	#FFFFFF	13
416	#FFFFFF	13
417	#FFFFFF	13
418	#FFFFFF	46
419	#FFFFFF	13
420	#FFFFFF	13
421	#FFFFFF	13
422	#FFFFFF	13
423	#FFFFFF	13
424	#FFFFFF	13
425	#FFFFFF	13
426	#FFFFFF	13
427	#FFFFFF	13
428	#FFFFFF	13
429	#FFFFFF	46
430	#FFFFFF	13
431	#FFFFFF	13
432	#FFFFFF	13
433	#FFFFFF	46
434	#FFFFFF	46
435	#FFFFFF	13
436	#FFFFFF	46
437	#FFFFFF	46
438	#FFFFFF	46
439	#FFFFFF	46
440	#FFFFFF	46
441	#FFFFFF	46
442	#FFFFFF	46
443	#FFFFFF	46
444	#FFFFFF	46
445	#FFFFFF	46
446	#FFFFFF	46
447	#FFFFFF	46
448	#FFFFFF	46
449	#FFFFFF	46
450	#FFFFFF	46
451	#FFFFFF	46
452	#FFFFFF	46
453	#FFFFFF	46
454	#FFFFFF	46
456	#FFFFFF	46
457	#FFFFFF	46
458	#FFFFFF	46
459	#FFFFFF	46
460	#FFFFFF	46
461	#FFFFFF	13
462	#FFFFFF	13
463	#FFFFFF	13
464	#FFFFFF	13
465	#FFFFFF	13
466	#FFFFFF	13
467	#FFFFFF	13
468	#FFFFFF	46
469	#FFFFFF	13
470	#FFFFFF	13
471	#FFFFFF	13
472	#FFFFFF	13
473	#FFFFFF	13
474	#FFFFFF	13
475	#FFFFFF	13
476	#FFFFFF	13
477	#FFFFFF	13
478	#FFFFFF	13
479	#FFFFFF	46
480	#FFFFFF	13
481	#FFFFFF	13
482	#FFFFFF	13
483	#FFFFFF	46
484	#FFFFFF	13
485	#FFFFFF	13
486	#FFFFFF	46
487	#FFFFFF	46
488	#FFFFFF	46
489	#FFFFFF	46
490	#FFFFFF	46
491	#FFFFFF	46
492	#FFFFFF	46
493	#FFFFFF	46
494	#FFFFFF	46
495	#FFFFFF	46
496	#FFFFFF	46
497	#FFFFFF	46
498	#FFFFFF	46
499	#FFFFFF	46
501	#FFFFFF	46
502	#FFFFFF	46
503	#FFFFFF	46
504	#FFFFFF	46
505	#FFFFFF	46
506	#FFFFFF	13
507	#FFFFFF	46
508	#FFFFFF	46
509	#FFFFFF	46
510	#FFFFFF	13
511	#FFFFFF	46
512	#FFFFFF	13
513	#FFFFFF	13
514	#FFFFFF	13
515	#FFFFFF	13
516	#FFFFFF	13
517	#FFFFFF	13
518	#FFFFFF	13
519	#FFFFFF	46
520	#FFFFFF	13
521	#FFFFFF	13
522	#FFFFFF	13
523	#FFFFFF	13
524	#FFFFFF	13
525	#FFFFFF	13
526	#FFFFFF	13
527	#FFFFFF	13
528	#FFFFFF	13
529	#FFFFFF	13
530	#FFFFFF	46
531	#FFFFFF	13
532	#FFFFFF	13
533	#FFFFFF	13
534	#FFFFFF	13
535	#FFFFFF	13
536	#FFFFFF	46
537	#FFFFFF	46
538	#FFFFFF	46
539	#FFFFFF	46
540	#FFFFFF	46
541	#FFFFFF	46
542	#FFFFFF	46
543	#FFFFFF	46
544	#FFFFFF	46
545	#FFFFFF	46
546	#FFFFFF	46
547	#FFFFFF	46
548	#FFFFFF	46
549	#FFFFFF	46
550	#FFFFFF	46
551	#FFFFFF	46
552	#FFFFFF	46
553	#FFFFFF	46
554	#FFFFFF	46
555	#FFFFFF	46
557	#FFFFFF	13
558	#FFFFFF	46
559	#FFFFFF	46
560	#FFFFFF	46
561	#FFFFFF	13
562	#FFFFFF	13
563	#FFFFFF	13
564	#FFFFFF	13
565	#FFFFFF	13
566	#FFFFFF	13
567	#FFFFFF	13
568	#FFFFFF	13
569	#FFFFFF	46
570	#FFFFFF	13
571	#FFFFFF	13
572	#FFFFFF	13
573	#FFFFFF	13
574	#FFFFFF	13
575	#FFFFFF	13
576	#FFFFFF	13
577	#FFFFFF	13
578	#FFFFFF	13
579	#FFFFFF	13
580	#FFFFFF	46
581	#FFFFFF	13
582	#FFFFFF	13
583	#FFFFFF	13
584	#FFFFFF	13
585	#FFFFFF	13
586	#FFFFFF	46
587	#FFFFFF	46
588	#FFFFFF	46
589	#FFFFFF	46
590	#FFFFFF	46
591	#FFFFFF	46
592	#FFFFFF	46
593	#FFFFFF	46
594	#FFFFFF	46
595	#FFFFFF	46
596	#FFFFFF	46
597	#FFFFFF	46
598	#FFFFFF	46
599	#FFFFFF	46
600	#FFFFFF	46
602	#FFFFFF	46
603	#FFFFFF	46
604	#FFFFFF	46
605	#FFFFFF	46
606	#FFFFFF	46
607	#FFFFFF	46
608	#FFFFFF	46
609	#FFFFFF	46
610	#FFFFFF	46
611	#FFFFFF	13
612	#FFFFFF	13
613	#FFFFFF	13
614	#FFFFFF	13
615	#FFFFFF	13
616	#FFFFFF	13
617	#FFFFFF	13
618	#FFFFFF	13
619	#FFFFFF	13
620	#FFFFFF	46
621	#FFFFFF	13
622	#FFFFFF	13
623	#FFFFFF	13
624	#FFFFFF	13
625	#FFFFFF	13
626	#FFFFFF	13
627	#FFFFFF	13
628	#FFFFFF	13
629	#FFFFFF	13
630	#FFFFFF	13
631	#FFFFFF	46
632	#FFFFFF	13
633	#FFFFFF	13
634	#FFFFFF	13
635	#FFFFFF	13
636	#FFFFFF	46
637	#FFFFFF	46
638	#FFFFFF	46
639	#FFFFFF	46
640	#FFFFFF	46
641	#FFFFFF	46
642	#FFFFFF	46
643	#FFFFFF	46
644	#FFFFFF	46
645	#FFFFFF	46
646	#FFFFFF	46
647	#FFFFFF	46
648	#FFFFFF	46
649	#FFFFFF	46
650	#FFFFFF	46
651	#FFFFFF	46
652	#FFFFFF	46
653	#FFFFFF	46
654	#FFFFFF	46
655	#FFFFFF	46
656	#FFFFFF	46
658	#FFFFFF	46
659	#FFFFFF	46
660	#FFFFFF	46
661	#FFFFFF	46
662	#FFFFFF	46
663	#FFFFFF	13
664	#FFFFFF	13
665	#FFFFFF	13
666	#FFFFFF	13
667	#FFFFFF	13
668	#FFFFFF	13
669	#FFFFFF	13
670	#FFFFFF	46
671	#FFFFFF	13
672	#FFFFFF	13
673	#FFFFFF	13
674	#FFFFFF	13
675	#FFFFFF	13
676	#FFFFFF	13
677	#FFFFFF	13
678	#FFFFFF	13
679	#FFFFFF	13
680	#FFFFFF	13
681	#FFFFFF	46
682	#FFFFFF	13
683	#FFFFFF	13
684	#FFFFFF	13
685	#FFFFFF	13
686	#FFFFFF	13
687	#FFFFFF	46
688	#FFFFFF	46
689	#FFFFFF	46
690	#FFFFFF	46
691	#FFFFFF	46
692	#FFFFFF	46
693	#FFFFFF	46
694	#FFFFFF	46
695	#FFFFFF	46
696	#FFFFFF	46
697	#FFFFFF	46
698	#FFFFFF	46
699	#FFFFFF	46
700	#FFFFFF	46
701	#FFFFFF	46
703	#FFFFFF	46
704	#FFFFFF	46
705	#FFFFFF	46
706	#FFFFFF	46
707	#FFFFFF	46
708	#FFFFFF	13
709	#FFFFFF	46
710	#FFFFFF	46
711	#FFFFFF	46
712	#FFFFFF	46
713	#FFFFFF	13
714	#FFFFFF	13
715	#FFFFFF	13
716	#FFFFFF	13
717	#FFFFFF	13
718	#FFFFFF	13
719	#FFFFFF	13
720	#FFFFFF	13
721	#FFFFFF	46
722	#FFFFFF	13
723	#FFFFFF	13
724	#FFFFFF	13
725	#FFFFFF	13
726	#FFFFFF	13
727	#FFFFFF	13
728	#FFFFFF	13
729	#FFFFFF	13
730	#FFFFFF	13
731	#FFFFFF	13
732	#FFFFFF	46
733	#FFFFFF	13
734	#FFFFFF	13
735	#FFFFFF	13
736	#FFFFFF	13
737	#FFFFFF	46
738	#FFFFFF	46
739	#FFFFFF	46
740	#FFFFFF	46
741	#FFFFFF	46
742	#FFFFFF	46
743	#FFFFFF	46
744	#FFFFFF	46
745	#FFFFFF	46
746	#FFFFFF	46
747	#FFFFFF	46
748	#FFFFFF	46
749	#FFFFFF	46
750	#FFFFFF	46
751	#FFFFFF	46
752	#FFFFFF	46
753	#FFFFFF	46
754	#FFFFFF	46
755	#FFFFFF	46
756	#FFFFFF	46
757	#FFFFFF	46
759	#FFFFFF	13
760	#FFFFFF	46
761	#FFFFFF	46
762	#FFFFFF	13
763	#FFFFFF	13
764	#FFFFFF	13
765	#FFFFFF	13
766	#FFFFFF	13
767	#FFFFFF	13
768	#FFFFFF	13
769	#FFFFFF	13
770	#FFFFFF	13
771	#FFFFFF	46
772	#FFFFFF	13
773	#FFFFFF	13
774	#FFFFFF	13
775	#FFFFFF	13
776	#FFFFFF	13
777	#FFFFFF	13
778	#FFFFFF	13
779	#FFFFFF	13
780	#FFFFFF	13
781	#FFFFFF	13
782	#FFFFFF	46
783	#FFFFFF	13
784	#FFFFFF	13
785	#FFFFFF	13
786	#FFFFFF	13
787	#FFFFFF	46
788	#FFFFFF	13
789	#FFFFFF	46
790	#FFFFFF	46
791	#FFFFFF	46
792	#FFFFFF	46
793	#FFFFFF	46
794	#FFFFFF	46
795	#FFFFFF	46
796	#FFFFFF	46
797	#FFFFFF	46
798	#FFFFFF	46
799	#FFFFFF	46
800	#FFFFFF	46
801	#FFFFFF	46
802	#FFFFFF	46
804	#FFFFFF	46
805	#FFFFFF	46
806	#FFFFFF	13
807	#FFFFFF	46
808	#FFFFFF	46
809	#FFFFFF	13
810	#FFFFFF	13
811	#FFFFFF	46
812	#FFFFFF	13
813	#FFFFFF	13
814	#FFFFFF	13
815	#FFFFFF	13
816	#FFFFFF	13
817	#FFFFFF	13
818	#FFFFFF	13
819	#FFFFFF	13
820	#FFFFFF	13
821	#FFFFFF	13
822	#FFFFFF	46
823	#FFFFFF	13
824	#FFFFFF	13
825	#FFFFFF	13
826	#FFFFFF	13
827	#FFFFFF	13
828	#FFFFFF	13
829	#FFFFFF	13
830	#FFFFFF	13
831	#FFFFFF	13
832	#FFFFFF	13
833	#FFFFFF	46
834	#FFFFFF	13
835	#FFFFFF	13
836	#FFFFFF	13
837	#FFFFFF	13
838	#FFFFFF	13
839	#FFFFFF	46
840	#FFFFFF	46
841	#FFFFFF	46
842	#FFFFFF	46
843	#FFFFFF	46
844	#FFFFFF	46
845	#FFFFFF	46
846	#FFFFFF	46
847	#FFFFFF	46
848	#FFFFFF	13
849	#FFFFFF	46
850	#FFFFFF	46
851	#FFFFFF	46
852	#FFFFFF	46
853	#FFFFFF	46
854	#FFFFFF	46
855	#FFFFFF	13
856	#FFFFFF	13
857	#FFFFFF	13
858	#FFFFFF	13
860	#FFFFFF	13
861	#FFFFFF	46
862	#FFFFFF	13
863	#FFFFFF	13
864	#FFFFFF	13
865	#FFFFFF	13
866	#FFFFFF	13
867	#FFFFFF	13
868	#FFFFFF	13
869	#FFFFFF	13
870	#FFFFFF	13
871	#FFFFFF	13
872	#FFFFFF	46
873	#FFFFFF	13
874	#FFFFFF	13
875	#FFFFFF	13
876	#FFFFFF	13
877	#FFFFFF	13
878	#FFFFFF	13
879	#FFFFFF	13
880	#FFFFFF	13
881	#FFFFFF	13
882	#FFFFFF	13
883	#FFFFFF	46
884	#FFFFFF	13
885	#FFFFFF	13
886	#FFFFFF	13
887	#FFFFFF	13
888	#FFFFFF	13
889	#FFFFFF	46
890	#FFFFFF	46
891	#FFFFFF	46
892	#FFFFFF	46
893	#FFFFFF	46
894	#FFFFFF	46
895	#FFFFFF	46
896	#FFFFFF	46
897	#FFFFFF	46
898	#FFFFFF	13
899	#FFFFFF	46
900	#FFFFFF	46
901	#FFFFFF	46
902	#FFFFFF	46
903	#FFFFFF	46
905	#FFFFFF	46
906	#FFFFFF	13
907	#FFFFFF	13
908	#FFFFFF	13
909	#FFFFFF	13
910	#FFFFFF	13
911	#FFFFFF	13
912	#FFFFFF	13
913	#FFFFFF	13
914	#FFFFFF	13
915	#FFFFFF	13
916	#FFFFFF	13
917	#FFFFFF	13
918	#FFFFFF	13
919	#FFFFFF	13
920	#FFFFFF	13
921	#FFFFFF	13
922	#FFFFFF	13
923	#FFFFFF	46
924	#FFFFFF	13
925	#FFFFFF	13
926	#FFFFFF	13
927	#FFFFFF	13
928	#FFFFFF	13
929	#FFFFFF	13
930	#FFFFFF	13
931	#FFFFFF	13
932	#FFFFFF	13
933	#FFFFFF	13
934	#FFFFFF	13
935	#FFFFFF	13
936	#FFFFFF	13
937	#FFFFFF	13
938	#FFFFFF	13
939	#FFFFFF	46
940	#FFFFFF	46
941	#FFFFFF	46
942	#FFFFFF	46
943	#FFFFFF	46
944	#FFFFFF	46
945	#FFFFFF	46
946	#FFFFFF	46
947	#FFFFFF	46
948	#FFFFFF	46
949	#FFFFFF	13
950	#FFFFFF	46
951	#FFFFFF	46
952	#FFFFFF	13
953	#FFFFFF	13
954	#FFFFFF	13
955	#FFFFFF	46
956	#FFFFFF	13
957	#FFFFFF	13
958	#FFFFFF	13
959	#FFFFFF	13
961	#FFFFFF	46
962	#FFFFFF	13
963	#FFFFFF	13
964	#FFFFFF	13
965	#FFFFFF	13
966	#FFFFFF	13
967	#FFFFFF	13
968	#FFFFFF	13
969	#FFFFFF	13
970	#FFFFFF	13
971	#FFFFFF	13
972	#FFFFFF	13
973	#FFFFFF	13
974	#FFFFFF	13
975	#FFFFFF	13
976	#FFFFFF	13
977	#FFFFFF	13
978	#FFFFFF	13
979	#FFFFFF	13
980	#FFFFFF	13
981	#FFFFFF	13
982	#FFFFFF	13
983	#FFFFFF	13
984	#FFFFFF	46
985	#FFFFFF	13
986	#FFFFFF	13
987	#FFFFFF	13
988	#FFFFFF	13
989	#FFFFFF	13
990	#FFFFFF	46
991	#FFFFFF	46
992	#FFFFFF	46
993	#FFFFFF	46
994	#FFFFFF	46
995	#FFFFFF	13
996	#FFFFFF	46
997	#FFFFFF	46
998	#FFFFFF	46
999	#FFFFFF	46
1000	#FFFFFF	13
1001	#FFFFFF	13
1002	#FFFFFF	13
1003	#FFFFFF	13
1004	#FFFFFF	13
1006	#FFFFFF	46
1007	#FFFFFF	13
1008	#FFFFFF	13
1009	#FFFFFF	13
1010	#FFFFFF	13
1011	#FFFFFF	46
1012	#FFFFFF	46
1013	#FFFFFF	46
1014	#FFFFFF	13
1015	#FFFFFF	13
1016	#FFFFFF	13
1017	#FFFFFF	13
1018	#FFFFFF	13
1019	#FFFFFF	13
1020	#FFFFFF	13
1021	#FFFFFF	13
1022	#FFFFFF	13
1023	#FFFFFF	13
1024	#FFFFFF	46
1025	#FFFFFF	13
1026	#FFFFFF	13
1027	#FFFFFF	13
1028	#FFFFFF	13
1029	#FFFFFF	13
1030	#FFFFFF	13
1031	#FFFFFF	13
1032	#FFFFFF	13
1033	#FFFFFF	13
1034	#FFFFFF	13
1035	#FFFFFF	13
1036	#FFFFFF	13
1037	#FFFFFF	13
1038	#FFFFFF	13
1039	#FFFFFF	13
1040	#FFFFFF	46
1041	#FFFFFF	46
1042	#FFFFFF	46
1043	#FFFFFF	46
1044	#FFFFFF	46
1045	#FFFFFF	46
1046	#FFFFFF	46
1047	#FFFFFF	46
1048	#FFFFFF	46
1049	#FFFFFF	46
1050	#FFFFFF	13
1051	#FFFFFF	13
1052	#FFFFFF	13
1053	#FFFFFF	13
1054	#FFFFFF	13
1055	#FFFFFF	13
1056	#FFFFFF	46
1057	#FFFFFF	13
1058	#FFFFFF	13
1059	#FFFFFF	13
1060	#FFFFFF	13
1062	#FFFFFF	46
1063	#FFFFFF	46
1064	#FFFFFF	13
1065	#FFFFFF	13
1066	#FFFFFF	13
1067	#FFFFFF	13
1068	#FFFFFF	13
1069	#FFFFFF	13
1070	#FFFFFF	13
1071	#FFFFFF	13
1072	#FFFFFF	13
1073	#FFFFFF	13
1074	#FFFFFF	46
1075	#FFFFFF	13
1076	#FFFFFF	13
1077	#FFFFFF	13
1078	#FFFFFF	13
1079	#FFFFFF	13
1080	#FFFFFF	13
1081	#FFFFFF	13
1082	#FFFFFF	13
1083	#FFFFFF	13
1084	#FFFFFF	13
1085	#FFFFFF	13
1086	#FFFFFF	13
1087	#FFFFFF	13
1088	#FFFFFF	13
1089	#FFFFFF	13
1090	#FFFFFF	46
1091	#FFFFFF	46
1092	#FFFFFF	46
1093	#FFFFFF	46
1094	#FFFFFF	46
1095	#FFFFFF	46
1096	#FFFFFF	13
1097	#FFFFFF	46
1098	#FFFFFF	46
1099	#FFFFFF	46
1100	#FFFFFF	46
1101	#FFFFFF	46
1102	#FFFFFF	13
1103	#FFFFFF	13
1104	#FFFFFF	13
1105	#FFFFFF	13
1107	#FFFFFF	13
1108	#FFFFFF	13
1109	#FFFFFF	13
1110	#FFFFFF	13
1111	#FFFFFF	13
1112	#FFFFFF	46
1113	#FFFFFF	46
1114	#FFFFFF	46
1115	#FFFFFF	13
1116	#FFFFFF	13
1117	#FFFFFF	13
1118	#FFFFFF	13
1119	#FFFFFF	13
1120	#FFFFFF	13
1121	#FFFFFF	13
1122	#FFFFFF	13
1123	#FFFFFF	13
1124	#FFFFFF	13
1125	#FFFFFF	13
1126	#FFFFFF	13
1127	#FFFFFF	13
1128	#FFFFFF	13
1129	#FFFFFF	13
1130	#FFFFFF	13
1131	#FFFFFF	13
1132	#FFFFFF	13
1133	#FFFFFF	13
1134	#FFFFFF	13
1135	#FFFFFF	13
1136	#FFFFFF	13
1137	#FFFFFF	13
1138	#FFFFFF	13
1139	#FFFFFF	13
1140	#FFFFFF	46
1141	#FFFFFF	46
1142	#FFFFFF	46
1143	#FFFFFF	46
1144	#FFFFFF	46
1145	#FFFFFF	46
1146	#FFFFFF	46
1147	#FFFFFF	13
1148	#FFFFFF	46
1149	#FFFFFF	46
1150	#FFFFFF	46
1151	#FFFFFF	46
1152	#FFFFFF	46
1153	#FFFFFF	46
1154	#FFFFFF	13
1155	#FFFFFF	13
1156	#FFFFFF	13
1157	#FFFFFF	13
1158	#FFFFFF	13
1159	#FFFFFF	13
1160	#FFFFFF	13
1161	#FFFFFF	13
1163	#FFFFFF	46
1164	#FFFFFF	13
1165	#FFFFFF	46
1166	#FFFFFF	46
1167	#FFFFFF	13
1168	#FFFFFF	13
1169	#FFFFFF	13
1170	#FFFFFF	13
1171	#FFFFFF	46
1172	#FFFFFF	46
1173	#FFFFFF	46
1174	#FFFFFF	46
1175	#FFFFFF	13
1176	#FFFFFF	46
1177	#FFFFFF	46
1178	#FFFFFF	46
1179	#FFFFFF	46
1180	#FFFFFF	46
1181	#FFFFFF	46
1182	#FFFFFF	46
1183	#FFFFFF	46
1184	#FFFFFF	13
1185	#FFFFFF	46
1186	#FFFFFF	13
1187	#FFFFFF	13
1188	#FFFFFF	13
1189	#FFFFFF	13
1190	#FFFFFF	13
1191	#FFFFFF	13
1192	#FFFFFF	13
1193	#FFFFFF	13
1194	#FFFFFF	13
1195	#FFFFFF	46
1196	#FFFFFF	46
1197	#FFFFFF	46
1198	#FFFFFF	46
1199	#FFFFFF	46
1200	#FFFFFF	46
1201	#FFFFFF	46
1202	#FFFFFF	46
1203	#FFFFFF	46
1204	#FFFFFF	46
1205	#FFFFFF	46
1206	#FFFFFF	46
1208	#FFFFFF	46
1209	#FFFFFF	46
1210	#FFFFFF	46
1211	#FFFFFF	46
1212	#FFFFFF	46
1213	#FFFFFF	46
1214	#FFFFFF	13
1215	#FFFFFF	46
1216	#FFFFFF	46
1217	#FFFFFF	46
1218	#FFFFFF	46
1219	#FFFFFF	13
1220	#FFFFFF	13
1221	#FFFFFF	13
1222	#FFFFFF	13
1223	#FFFFFF	46
1224	#FFFFFF	46
1225	#FFFFFF	46
1226	#FFFFFF	13
1227	#FFFFFF	46
1228	#FFFFFF	46
1229	#FFFFFF	46
1230	#FFFFFF	46
1231	#FFFFFF	46
1232	#FFFFFF	46
1233	#FFFFFF	46
1234	#FFFFFF	13
1235	#FFFFFF	13
1236	#FFFFFF	13
1237	#FFFFFF	46
1238	#FFFFFF	13
1239	#FFFFFF	46
1240	#FFFFFF	13
1241	#FFFFFF	13
1242	#FFFFFF	13
1243	#FFFFFF	13
1244	#FFFFFF	13
1245	#FFFFFF	13
1246	#FFFFFF	46
1247	#FFFFFF	46
1248	#FFFFFF	46
1249	#FFFFFF	46
1250	#FFFFFF	46
1251	#FFFFFF	46
1252	#FFFFFF	46
1253	#FFFFFF	46
1254	#FFFFFF	46
1255	#FFFFFF	46
1256	#FFFFFF	46
1257	#FFFFFF	46
1258	#FFFFFF	46
1259	#FFFFFF	46
1260	#FFFFFF	46
1261	#FFFFFF	46
1262	#FFFFFF	46
1264	#FFFFFF	46
1265	#FFFFFF	46
1266	#FFFFFF	13
1267	#FFFFFF	13
1268	#FFFFFF	13
1269	#FFFFFF	13
1270	#FFFFFF	13
1271	#FFFFFF	13
1272	#FFFFFF	13
1273	#FFFFFF	13
1274	#FFFFFF	13
1275	#FFFFFF	13
1276	#FFFFFF	13
1277	#FFFFFF	13
1278	#FFFFFF	13
1279	#FFFFFF	13
1280	#FFFFFF	13
1281	#FFFFFF	13
1282	#FFFFFF	13
1283	#FFFFFF	13
1284	#FFFFFF	13
1285	#FFFFFF	13
1286	#FFFFFF	13
1287	#FFFFFF	13
1288	#FFFFFF	13
1289	#FFFFFF	13
1290	#FFFFFF	13
1291	#FFFFFF	46
1292	#FFFFFF	46
1293	#FFFFFF	46
1294	#FFFFFF	46
1295	#FFFFFF	46
1296	#FFFFFF	46
1297	#FFFFFF	46
1298	#FFFFFF	13
1299	#FFFFFF	46
1300	#FFFFFF	46
1301	#FFFFFF	46
1302	#FFFFFF	46
1303	#FFFFFF	46
1304	#FFFFFF	46
1305	#FFFFFF	46
1306	#FFFFFF	13
1307	#FFFFFF	46
1309	#FFFFFF	13
1310	#FFFFFF	13
1311	#FFFFFF	13
1312	#FFFFFF	13
1313	#FFFFFF	13
1314	#FFFFFF	46
1315	#FFFFFF	46
1316	#FFFFFF	13
1317	#FFFFFF	13
1318	#FFFFFF	13
1319	#FFFFFF	13
1320	#FFFFFF	13
1321	#FFFFFF	13
1322	#FFFFFF	13
1323	#FFFFFF	13
1324	#FFFFFF	13
1325	#FFFFFF	13
1326	#FFFFFF	13
1327	#FFFFFF	13
1328	#FFFFFF	13
1329	#FFFFFF	13
1330	#FFFFFF	13
1331	#FFFFFF	13
1332	#FFFFFF	13
1333	#FFFFFF	13
1334	#FFFFFF	13
1335	#FFFFFF	13
1336	#FFFFFF	13
1337	#FFFFFF	13
1338	#FFFFFF	13
1339	#FFFFFF	13
1340	#FFFFFF	13
1341	#FFFFFF	13
1342	#FFFFFF	46
1343	#FFFFFF	46
1344	#FFFFFF	46
1345	#FFFFFF	46
1346	#FFFFFF	46
1347	#FFFFFF	46
1348	#FFFFFF	46
1349	#FFFFFF	13
1350	#FFFFFF	46
1351	#FFFFFF	46
1352	#FFFFFF	46
1353	#FFFFFF	46
1354	#FFFFFF	46
1355	#FFFFFF	46
1356	#FFFFFF	46
1357	#FFFFFF	13
1358	#FFFFFF	46
1359	#FFFFFF	13
1360	#FFFFFF	13
1361	#FFFFFF	13
1362	#FFFFFF	13
1363	#FFFFFF	13
1365	#FFFFFF	13
1366	#FFFFFF	13
1367	#FFFFFF	13
1368	#FFFFFF	13
1369	#FFFFFF	13
1370	#FFFFFF	13
1371	#FFFFFF	13
1372	#FFFFFF	13
1373	#FFFFFF	13
1374	#FFFFFF	13
1375	#FFFFFF	13
1376	#FFFFFF	13
1377	#FFFFFF	13
1378	#FFFFFF	13
1379	#FFFFFF	13
1380	#FFFFFF	13
1381	#FFFFFF	13
1382	#FFFFFF	13
1383	#FFFFFF	13
1384	#FFFFFF	13
1385	#FFFFFF	13
1386	#FFFFFF	13
1387	#FFFFFF	13
1388	#FFFFFF	13
1389	#FFFFFF	13
1390	#FFFFFF	13
1391	#FFFFFF	13
1392	#FFFFFF	46
1393	#FFFFFF	46
1394	#FFFFFF	46
1395	#FFFFFF	46
1396	#FFFFFF	46
1397	#FFFFFF	46
1398	#FFFFFF	46
1399	#FFFFFF	13
1400	#FFFFFF	46
1401	#FFFFFF	46
1402	#FFFFFF	46
1403	#FFFFFF	46
1404	#FFFFFF	46
1405	#FFFFFF	13
1406	#FFFFFF	13
1407	#FFFFFF	46
1408	#FFFFFF	13
1410	#FFFFFF	13
1411	#FFFFFF	13
1412	#FFFFFF	13
1413	#FFFFFF	13
1414	#FFFFFF	13
1415	#FFFFFF	13
1416	#FFFFFF	13
1417	#FFFFFF	13
1418	#FFFFFF	13
1419	#FFFFFF	13
1420	#FFFFFF	13
1421	#FFFFFF	13
1422	#FFFFFF	13
1423	#FFFFFF	13
1424	#FFFFFF	13
1425	#FFFFFF	13
1426	#FFFFFF	13
1427	#FFFFFF	13
1428	#FFFFFF	13
1429	#FFFFFF	13
1430	#FFFFFF	13
1431	#FFFFFF	13
1432	#FFFFFF	13
1433	#FFFFFF	13
1434	#FFFFFF	13
1435	#FFFFFF	13
1436	#FFFFFF	13
1437	#FFFFFF	13
1438	#FFFFFF	13
1439	#FFFFFF	13
1440	#FFFFFF	13
1441	#FFFFFF	13
1442	#FFFFFF	46
1443	#FFFFFF	46
1444	#FFFFFF	46
1445	#FFFFFF	46
1446	#FFFFFF	46
1447	#FFFFFF	46
1448	#FFFFFF	46
1449	#FFFFFF	46
1450	#FFFFFF	13
1451	#FFFFFF	46
1452	#FFFFFF	46
1453	#FFFFFF	46
1454	#FFFFFF	46
1455	#FFFFFF	46
1456	#FFFFFF	13
1457	#FFFFFF	13
1458	#FFFFFF	13
1459	#FFFFFF	13
1460	#FFFFFF	13
1461	#FFFFFF	13
1462	#FFFFFF	13
1463	#FFFFFF	13
1464	#FFFFFF	13
1466	#FFFFFF	13
1467	#FFFFFF	13
1468	#FFFFFF	13
1469	#FFFFFF	13
1470	#FFFFFF	13
1471	#FFFFFF	13
1472	#FFFFFF	13
1473	#FFFFFF	13
1474	#FFFFFF	13
1475	#FFFFFF	13
1476	#FFFFFF	13
1477	#FFFFFF	13
1478	#FFFFFF	13
1479	#FFFFFF	13
1480	#FFFFFF	13
1481	#FFFFFF	13
1482	#FFFFFF	13
1483	#FFFFFF	13
1484	#FFFFFF	13
1485	#FFFFFF	13
1486	#FFFFFF	13
1487	#FFFFFF	13
1488	#FFFFFF	13
1489	#FFFFFF	13
1490	#FFFFFF	13
1491	#FFFFFF	13
1492	#FFFFFF	13
1493	#FFFFFF	46
1494	#FFFFFF	46
1495	#FFFFFF	46
1496	#FFFFFF	46
1497	#FFFFFF	46
1498	#FFFFFF	46
1499	#FFFFFF	46
1500	#FFFFFF	46
1501	#FFFFFF	46
1502	#FFFFFF	46
1503	#FFFFFF	46
1504	#FFFFFF	46
1505	#FFFFFF	46
1506	#FFFFFF	13
1507	#FFFFFF	13
1508	#FFFFFF	13
1509	#FFFFFF	13
1511	#FFFFFF	46
1512	#FFFFFF	13
1513	#FFFFFF	13
1514	#FFFFFF	13
1515	#FFFFFF	13
1516	#FFFFFF	13
1517	#FFFFFF	13
1518	#FFFFFF	13
1519	#FFFFFF	13
1520	#FFFFFF	13
1521	#FFFFFF	13
1522	#FFFFFF	13
1523	#FFFFFF	13
1524	#FFFFFF	13
1525	#FFFFFF	13
1526	#FFFFFF	13
1527	#FFFFFF	13
1528	#FFFFFF	13
1529	#FFFFFF	13
1530	#FFFFFF	13
1531	#FFFFFF	13
1532	#FFFFFF	13
1533	#FFFFFF	13
1534	#FFFFFF	13
1535	#FFFFFF	13
1536	#FFFFFF	13
1537	#FFFFFF	13
1538	#FFFFFF	13
1539	#FFFFFF	13
1540	#FFFFFF	13
1541	#FFFFFF	13
1542	#FFFFFF	13
1543	#FFFFFF	46
1544	#FFFFFF	46
1545	#FFFFFF	46
1546	#FFFFFF	46
1547	#FFFFFF	46
1548	#FFFFFF	46
1549	#FFFFFF	46
1550	#FFFFFF	46
1551	#FFFFFF	46
1552	#FFFFFF	46
1553	#FFFFFF	46
1554	#FFFFFF	46
1555	#FFFFFF	46
1556	#FFFFFF	13
1557	#FFFFFF	13
1558	#FFFFFF	13
1559	#FFFFFF	46
1560	#FFFFFF	46
1561	#FFFFFF	13
1562	#FFFFFF	13
1563	#FFFFFF	13
1564	#FFFFFF	13
1565	#FFFFFF	13
1567	#FFFFFF	13
1568	#FFFFFF	46
1569	#FFFFFF	13
1570	#FFFFFF	13
1571	#FFFFFF	13
1572	#FFFFFF	13
1573	#FFFFFF	13
1574	#FFFFFF	13
1575	#FFFFFF	13
1576	#FFFFFF	13
1577	#FFFFFF	13
1578	#FFFFFF	13
1579	#FFFFFF	13
1580	#FFFFFF	13
1581	#FFFFFF	13
1582	#FFFFFF	13
1583	#FFFFFF	13
1584	#FFFFFF	13
1585	#FFFFFF	13
1586	#FFFFFF	13
1587	#FFFFFF	13
1588	#FFFFFF	13
1589	#FFFFFF	13
1590	#FFFFFF	13
1591	#FFFFFF	13
1592	#FFFFFF	13
1593	#FFFFFF	13
1594	#FFFFFF	46
1595	#FFFFFF	46
1596	#FFFFFF	46
1597	#FFFFFF	46
1598	#FFFFFF	46
1599	#FFFFFF	46
1600	#FFFFFF	46
1601	#FFFFFF	46
1602	#FFFFFF	46
1603	#FFFFFF	46
1604	#FFFFFF	46
1605	#FFFFFF	46
1606	#FFFFFF	46
1607	#FFFFFF	13
1608	#FFFFFF	46
1609	#FFFFFF	46
1610	#FFFFFF	46
1612	#FFFFFF	13
1613	#FFFFFF	13
1614	#FFFFFF	13
1615	#FFFFFF	13
1616	#FFFFFF	13
1617	#FFFFFF	13
1618	#FFFFFF	46
1619	#FFFFFF	46
1620	#FFFFFF	13
1621	#FFFFFF	13
1622	#FFFFFF	13
1623	#FFFFFF	13
1624	#FFFFFF	13
1625	#FFFFFF	13
1626	#FFFFFF	13
1627	#FFFFFF	13
1628	#FFFFFF	13
1629	#FFFFFF	13
1630	#FFFFFF	13
1631	#FFFFFF	13
1632	#FFFFFF	13
1633	#FFFFFF	13
1634	#FFFFFF	13
1635	#FFFFFF	13
1636	#FFFFFF	13
1637	#FFFFFF	13
1638	#FFFFFF	13
1639	#FFFFFF	13
1640	#FFFFFF	13
1641	#FFFFFF	13
1642	#FFFFFF	13
1643	#FFFFFF	13
1644	#FFFFFF	46
1645	#FFFFFF	46
1646	#FFFFFF	46
1647	#FFFFFF	46
1648	#FFFFFF	46
1649	#FFFFFF	46
1650	#FFFFFF	46
1651	#FFFFFF	46
1652	#FFFFFF	46
1653	#FFFFFF	46
1654	#FFFFFF	46
1655	#FFFFFF	46
1656	#FFFFFF	13
1657	#FFFFFF	13
1658	#FFFFFF	13
1659	#FFFFFF	46
1660	#FFFFFF	46
1661	#FFFFFF	46
1662	#FFFFFF	13
1663	#FFFFFF	13
1664	#FFFFFF	13
1665	#FFFFFF	13
1666	#FFFFFF	13
1668	#FFFFFF	46
1669	#FFFFFF	46
1670	#FFFFFF	13
1671	#FFFFFF	13
1672	#FFFFFF	13
1673	#FFFFFF	13
1674	#FFFFFF	13
1675	#FFFFFF	13
1676	#FFFFFF	13
1677	#FFFFFF	13
1678	#FFFFFF	13
1679	#FFFFFF	13
1680	#FFFFFF	46
1681	#FFFFFF	13
1682	#FFFFFF	13
1683	#FFFFFF	13
1684	#FFFFFF	13
1685	#FFFFFF	13
1686	#FFFFFF	13
1687	#FFFFFF	13
1688	#FFFFFF	13
1689	#FFFFFF	13
1690	#FFFFFF	13
1691	#FFFFFF	46
1692	#FFFFFF	13
1693	#FFFFFF	13
1694	#FFFFFF	13
1695	#FFFFFF	46
1696	#FFFFFF	46
1697	#FFFFFF	46
1698	#FFFFFF	46
1699	#FFFFFF	46
1700	#FFFFFF	46
1701	#FFFFFF	46
1702	#FFFFFF	46
1703	#FFFFFF	46
1704	#FFFFFF	13
1705	#FFFFFF	46
1706	#FFFFFF	13
1707	#FFFFFF	13
1708	#FFFFFF	46
1709	#FFFFFF	13
1710	#FFFFFF	46
1711	#FFFFFF	46
1713	#FFFFFF	46
1714	#FFFFFF	13
1715	#FFFFFF	13
1716	#FFFFFF	13
1717	#FFFFFF	13
1718	#FFFFFF	46
1719	#FFFFFF	46
1720	#FFFFFF	46
1721	#FFFFFF	13
1722	#FFFFFF	13
1723	#FFFFFF	13
1724	#FFFFFF	13
1725	#FFFFFF	13
1726	#FFFFFF	13
1727	#FFFFFF	13
1728	#FFFFFF	13
1729	#FFFFFF	13
1730	#FFFFFF	13
1731	#FFFFFF	46
1732	#FFFFFF	13
1733	#FFFFFF	13
1734	#FFFFFF	13
1735	#FFFFFF	13
1736	#FFFFFF	13
1737	#FFFFFF	13
1738	#FFFFFF	13
1739	#FFFFFF	13
1740	#FFFFFF	13
1741	#FFFFFF	13
1742	#FFFFFF	46
1743	#FFFFFF	13
1744	#FFFFFF	13
1745	#FFFFFF	13
1746	#FFFFFF	46
1747	#FFFFFF	46
1748	#FFFFFF	46
1749	#FFFFFF	46
1750	#FFFFFF	46
1751	#FFFFFF	46
1752	#FFFFFF	46
1753	#FFFFFF	46
1754	#FFFFFF	46
1755	#FFFFFF	13
1756	#FFFFFF	13
1757	#FFFFFF	13
1758	#FFFFFF	46
1759	#FFFFFF	46
1760	#FFFFFF	46
1761	#FFFFFF	46
1762	#FFFFFF	46
1763	#FFFFFF	13
1764	#FFFFFF	13
1765	#FFFFFF	13
1766	#FFFFFF	13
1767	#FFFFFF	13
1769	#FFFFFF	46
1770	#FFFFFF	46
1771	#FFFFFF	13
1772	#FFFFFF	13
1773	#FFFFFF	13
1774	#FFFFFF	13
1775	#FFFFFF	13
1776	#FFFFFF	13
1777	#FFFFFF	13
1778	#FFFFFF	13
1779	#FFFFFF	13
1780	#FFFFFF	13
1781	#FFFFFF	46
1782	#FFFFFF	13
1783	#FFFFFF	13
1784	#FFFFFF	13
1785	#FFFFFF	13
1786	#FFFFFF	13
1787	#FFFFFF	13
1788	#FFFFFF	13
1789	#FFFFFF	13
1790	#FFFFFF	13
1791	#FFFFFF	13
1792	#FFFFFF	46
1793	#FFFFFF	13
1794	#FFFFFF	13
1795	#FFFFFF	13
1796	#FFFFFF	13
1797	#FFFFFF	46
1798	#FFFFFF	46
1799	#FFFFFF	46
1800	#FFFFFF	46
1801	#FFFFFF	46
1802	#FFFFFF	46
1803	#FFFFFF	46
1804	#FFFFFF	46
1805	#FFFFFF	13
1806	#FFFFFF	13
1807	#FFFFFF	13
1808	#FFFFFF	46
1809	#FFFFFF	46
1810	#FFFFFF	46
1811	#FFFFFF	13
1812	#FFFFFF	13
1814	#FFFFFF	13
1815	#FFFFFF	13
1816	#FFFFFF	13
1817	#FFFFFF	13
1818	#FFFFFF	13
1819	#FFFFFF	46
1820	#FFFFFF	46
1821	#FFFFFF	46
1822	#FFFFFF	13
1823	#FFFFFF	13
1824	#FFFFFF	13
1825	#FFFFFF	13
1826	#FFFFFF	13
1827	#FFFFFF	13
1828	#FFFFFF	13
1829	#FFFFFF	13
1830	#FFFFFF	13
1831	#FFFFFF	13
1832	#FFFFFF	46
1833	#FFFFFF	13
1834	#FFFFFF	13
1835	#FFFFFF	13
1836	#FFFFFF	13
1837	#FFFFFF	13
1838	#FFFFFF	13
1839	#FFFFFF	13
1840	#FFFFFF	13
1841	#FFFFFF	13
1842	#FFFFFF	13
1843	#FFFFFF	46
1844	#FFFFFF	13
1845	#FFFFFF	13
1846	#FFFFFF	13
1847	#FFFFFF	46
1848	#FFFFFF	46
1849	#FFFFFF	46
1850	#FFFFFF	46
1851	#FFFFFF	46
1852	#FFFFFF	46
1853	#FFFFFF	13
1854	#FFFFFF	46
1855	#FFFFFF	13
1856	#FFFFFF	13
1857	#FFFFFF	13
1858	#FFFFFF	13
1859	#FFFFFF	46
1860	#FFFFFF	46
1861	#FFFFFF	13
1862	#FFFFFF	13
1863	#FFFFFF	13
1864	#FFFFFF	46
1865	#FFFFFF	13
1866	#FFFFFF	13
1867	#FFFFFF	13
1868	#FFFFFF	13
1870	#FFFFFF	46
1871	#FFFFFF	46
1872	#FFFFFF	13
1873	#FFFFFF	13
1874	#FFFFFF	13
1875	#FFFFFF	13
1876	#FFFFFF	13
1877	#FFFFFF	13
1878	#FFFFFF	13
1879	#FFFFFF	13
1880	#FFFFFF	13
1881	#FFFFFF	13
1882	#FFFFFF	46
1883	#FFFFFF	13
1884	#FFFFFF	13
1885	#FFFFFF	13
1886	#FFFFFF	13
1887	#FFFFFF	13
1888	#FFFFFF	13
1889	#FFFFFF	13
1890	#FFFFFF	13
1891	#FFFFFF	13
1892	#FFFFFF	13
1893	#FFFFFF	46
1894	#FFFFFF	13
1895	#FFFFFF	13
1896	#FFFFFF	13
1897	#FFFFFF	13
1898	#FFFFFF	46
1899	#FFFFFF	46
1900	#FFFFFF	46
1901	#FFFFFF	46
1902	#FFFFFF	46
1903	#FFFFFF	46
1904	#FFFFFF	46
1905	#FFFFFF	13
1906	#FFFFFF	13
1907	#FFFFFF	13
1908	#FFFFFF	13
1909	#FFFFFF	46
1910	#FFFFFF	46
1911	#FFFFFF	13
1912	#FFFFFF	13
1913	#FFFFFF	13
1915	#FFFFFF	46
1916	#FFFFFF	13
1917	#FFFFFF	13
1918	#FFFFFF	13
1919	#FFFFFF	13
1920	#FFFFFF	46
1921	#FFFFFF	46
1922	#FFFFFF	46
1923	#FFFFFF	13
1924	#FFFFFF	13
1925	#FFFFFF	13
1926	#FFFFFF	13
1927	#FFFFFF	13
1928	#FFFFFF	13
1929	#FFFFFF	13
1930	#FFFFFF	13
1931	#FFFFFF	13
1932	#FFFFFF	13
1933	#FFFFFF	46
1934	#FFFFFF	13
1935	#FFFFFF	13
1936	#FFFFFF	13
1937	#FFFFFF	13
1938	#FFFFFF	13
1939	#FFFFFF	13
1940	#FFFFFF	13
1941	#FFFFFF	13
1942	#FFFFFF	13
1943	#FFFFFF	13
1944	#FFFFFF	46
1945	#FFFFFF	13
1946	#FFFFFF	13
1947	#FFFFFF	13
1948	#FFFFFF	46
1949	#FFFFFF	46
1950	#FFFFFF	46
1951	#FFFFFF	46
1952	#FFFFFF	46
1953	#FFFFFF	46
1954	#FFFFFF	46
1955	#FFFFFF	46
1956	#FFFFFF	13
1957	#FFFFFF	13
1958	#FFFFFF	13
1959	#FFFFFF	46
1960	#FFFFFF	46
1961	#FFFFFF	46
1962	#FFFFFF	13
1963	#FFFFFF	46
1964	#FFFFFF	13
1965	#FFFFFF	46
1966	#FFFFFF	13
1967	#FFFFFF	13
1968	#FFFFFF	13
1969	#FFFFFF	13
1971	#FFFFFF	46
1972	#FFFFFF	46
1973	#FFFFFF	13
1974	#FFFFFF	13
1975	#FFFFFF	13
1976	#FFFFFF	13
1977	#FFFFFF	13
1978	#FFFFFF	13
1979	#FFFFFF	13
1980	#FFFFFF	13
1981	#FFFFFF	13
1982	#FFFFFF	13
1983	#FFFFFF	46
1984	#FFFFFF	13
1985	#FFFFFF	13
1986	#FFFFFF	13
1987	#FFFFFF	13
1988	#FFFFFF	13
1989	#FFFFFF	13
1990	#FFFFFF	13
1991	#FFFFFF	13
1992	#FFFFFF	13
1993	#FFFFFF	13
1994	#FFFFFF	46
1995	#FFFFFF	13
1996	#FFFFFF	13
1997	#FFFFFF	13
1998	#FFFFFF	13
1999	#FFFFFF	46
2000	#FFFFFF	46
2001	#FFFFFF	46
2002	#FFFFFF	13
2003	#FFFFFF	46
2004	#FFFFFF	46
2005	#FFFFFF	46
2006	#FFFFFF	13
2007	#FFFFFF	13
2008	#FFFFFF	13
2009	#FFFFFF	46
2010	#FFFFFF	46
2011	#FFFFFF	46
2012	#FFFFFF	13
2013	#FFFFFF	46
2014	#FFFFFF	13
2016	#FFFFFF	46
2017	#FFFFFF	13
2018	#FFFFFF	13
2019	#FFFFFF	13
2020	#FFFFFF	13
2021	#FFFFFF	46
2022	#FFFFFF	46
2023	#FFFFFF	46
2024	#FFFFFF	13
2025	#FFFFFF	13
2026	#FFFFFF	13
2027	#FFFFFF	13
2028	#FFFFFF	13
2029	#FFFFFF	13
2030	#FFFFFF	13
2031	#FFFFFF	13
2032	#FFFFFF	13
2033	#FFFFFF	13
2034	#FFFFFF	46
2035	#FFFFFF	13
2036	#FFFFFF	13
2037	#FFFFFF	13
2038	#FFFFFF	13
2039	#FFFFFF	13
2040	#FFFFFF	13
2041	#FFFFFF	13
2042	#FFFFFF	13
2043	#FFFFFF	13
2044	#FFFFFF	13
2045	#FFFFFF	46
2046	#FFFFFF	13
2047	#FFFFFF	13
2048	#FFFFFF	13
2049	#FFFFFF	46
2050	#FFFFFF	46
2051	#FFFFFF	46
2052	#FFFFFF	46
2053	#FFFFFF	13
2054	#FFFFFF	13
2055	#FFFFFF	13
2056	#FFFFFF	46
2057	#FFFFFF	13
2058	#FFFFFF	13
2059	#FFFFFF	13
2060	#FFFFFF	46
2061	#FFFFFF	46
2062	#FFFFFF	46
2063	#FFFFFF	46
2064	#FFFFFF	13
2065	#FFFFFF	13
2066	#FFFFFF	46
2067	#FFFFFF	13
2068	#FFFFFF	13
2069	#FFFFFF	13
2070	#FFFFFF	13
2072	#FFFFFF	46
2073	#FFFFFF	46
2074	#FFFFFF	13
2075	#FFFFFF	13
2076	#FFFFFF	13
2077	#FFFFFF	13
2078	#FFFFFF	13
2079	#FFFFFF	13
2080	#FFFFFF	13
2081	#FFFFFF	13
2082	#FFFFFF	13
2083	#FFFFFF	13
2084	#FFFFFF	46
2085	#FFFFFF	13
2086	#FFFFFF	13
2087	#FFFFFF	13
2088	#FFFFFF	13
2089	#FFFFFF	13
2090	#FFFFFF	13
2091	#FFFFFF	13
2092	#FFFFFF	13
2093	#FFFFFF	13
2094	#FFFFFF	13
2095	#FFFFFF	46
2096	#FFFFFF	13
2097	#FFFFFF	13
2098	#FFFFFF	13
2099	#FFFFFF	46
2100	#FFFFFF	46
2101	#FFFFFF	46
2102	#FFFFFF	46
2103	#FFFFFF	13
2104	#FFFFFF	13
2105	#FFFFFF	13
2106	#FFFFFF	46
2107	#FFFFFF	13
2108	#FFFFFF	13
2109	#FFFFFF	13
2110	#FFFFFF	13
2111	#FFFFFF	46
2112	#FFFFFF	46
2113	#FFFFFF	46
2114	#FFFFFF	46
2115	#FFFFFF	13
2117	#FFFFFF	46
2118	#FFFFFF	13
2119	#FFFFFF	13
2120	#FFFFFF	13
2121	#FFFFFF	13
2122	#FFFFFF	46
2123	#FFFFFF	46
2124	#FFFFFF	46
2125	#FFFFFF	13
2126	#FFFFFF	13
2127	#FFFFFF	13
2128	#FFFFFF	13
2129	#FFFFFF	13
2130	#FFFFFF	13
2131	#FFFFFF	13
2132	#FFFFFF	13
2133	#FFFFFF	13
2134	#FFFFFF	13
2135	#FFFFFF	46
2136	#FFFFFF	13
2137	#FFFFFF	13
2138	#FFFFFF	13
2139	#FFFFFF	13
2140	#FFFFFF	13
2141	#FFFFFF	13
2142	#FFFFFF	13
2143	#FFFFFF	13
2144	#FFFFFF	13
2145	#FFFFFF	13
2146	#FFFFFF	46
2147	#FFFFFF	13
2148	#FFFFFF	13
2149	#FFFFFF	13
2150	#FFFFFF	13
2151	#FFFFFF	46
2152	#FFFFFF	13
2153	#FFFFFF	13
2154	#FFFFFF	13
2155	#FFFFFF	13
2156	#FFFFFF	13
2157	#FFFFFF	13
2158	#FFFFFF	13
2159	#FFFFFF	13
2160	#FFFFFF	13
2161	#FFFFFF	46
2162	#FFFFFF	46
2163	#FFFFFF	46
2164	#FFFFFF	13
2165	#FFFFFF	13
2166	#FFFFFF	13
2167	#FFFFFF	13
2168	#FFFFFF	13
2169	#FFFFFF	13
2170	#FFFFFF	46
2171	#FFFFFF	13
2173	#FFFFFF	46
2174	#FFFFFF	46
2175	#FFFFFF	13
2176	#FFFFFF	13
2177	#FFFFFF	13
2178	#FFFFFF	13
2179	#FFFFFF	13
2180	#FFFFFF	13
2181	#FFFFFF	13
2182	#FFFFFF	13
2183	#FFFFFF	13
2184	#FFFFFF	13
2185	#FFFFFF	46
2186	#FFFFFF	13
2187	#FFFFFF	13
2188	#FFFFFF	13
2189	#FFFFFF	13
2190	#FFFFFF	13
2191	#FFFFFF	13
2192	#FFFFFF	13
2193	#FFFFFF	13
2194	#FFFFFF	13
2195	#FFFFFF	13
2196	#FFFFFF	46
2197	#FFFFFF	13
2198	#FFFFFF	13
2199	#FFFFFF	13
2200	#FFFFFF	13
2201	#FFFFFF	13
2202	#FFFFFF	46
2203	#FFFFFF	13
2204	#FFFFFF	13
2205	#FFFFFF	13
2206	#FFFFFF	13
2207	#FFFFFF	13
2208	#FFFFFF	13
2209	#FFFFFF	13
2210	#FFFFFF	13
2211	#FFFFFF	13
2212	#FFFFFF	46
2213	#FFFFFF	13
2214	#FFFFFF	13
2215	#FFFFFF	13
2216	#FFFFFF	13
2218	#FFFFFF	13
2219	#FFFFFF	13
2220	#FFFFFF	13
2221	#FFFFFF	46
2222	#FFFFFF	13
2223	#FFFFFF	46
2224	#FFFFFF	46
2225	#FFFFFF	46
2226	#FFFFFF	13
2227	#FFFFFF	13
2228	#FFFFFF	13
2229	#FFFFFF	13
2230	#FFFFFF	13
2231	#FFFFFF	13
2232	#FFFFFF	13
2233	#FFFFFF	13
2234	#FFFFFF	13
2235	#FFFFFF	13
2236	#FFFFFF	46
2237	#FFFFFF	13
2238	#FFFFFF	13
2239	#FFFFFF	13
2240	#FFFFFF	13
2241	#FFFFFF	13
2242	#FFFFFF	13
2243	#FFFFFF	13
2244	#FFFFFF	13
2245	#FFFFFF	13
2246	#FFFFFF	13
2247	#FFFFFF	13
2248	#FFFFFF	13
2249	#FFFFFF	13
2250	#FFFFFF	13
2251	#FFFFFF	13
2252	#FFFFFF	13
2253	#FFFFFF	46
2254	#FFFFFF	13
2255	#FFFFFF	13
2256	#FFFFFF	13
2257	#FFFFFF	13
2258	#FFFFFF	46
2259	#FFFFFF	13
2260	#FFFFFF	13
2261	#FFFFFF	13
2262	#FFFFFF	46
2263	#FFFFFF	13
2264	#FFFFFF	13
2265	#FFFFFF	13
2266	#FFFFFF	13
2267	#FFFFFF	13
2268	#FFFFFF	46
2269	#FFFFFF	13
2270	#FFFFFF	46
2271	#FFFFFF	46
2272	#FFFFFF	13
2274	#FFFFFF	46
2275	#FFFFFF	46
2276	#FFFFFF	46
2277	#FFFFFF	46
2278	#FFFFFF	46
2279	#FFFFFF	13
2280	#FFFFFF	46
2281	#FFFFFF	13
2282	#FFFFFF	13
2283	#FFFFFF	46
2284	#FFFFFF	46
2285	#FFFFFF	46
2286	#FFFFFF	46
2287	#FFFFFF	46
2288	#FFFFFF	46
2289	#FFFFFF	46
2290	#FFFFFF	46
2291	#FFFFFF	46
2292	#FFFFFF	46
2293	#FFFFFF	46
2294	#FFFFFF	13
2295	#FFFFFF	13
2296	#FFFFFF	13
2297	#FFFFFF	13
2298	#FFFFFF	13
2299	#FFFFFF	46
2300	#FFFFFF	13
2301	#FFFFFF	13
2302	#FFFFFF	13
2303	#FFFFFF	13
2304	#FFFFFF	13
2305	#FFFFFF	13
2306	#FFFFFF	13
2307	#FFFFFF	46
2308	#FFFFFF	46
2309	#FFFFFF	46
2310	#FFFFFF	46
2311	#FFFFFF	46
2312	#FFFFFF	46
2313	#FFFFFF	46
2314	#FFFFFF	46
2315	#FFFFFF	46
2316	#FFFFFF	46
2317	#FFFFFF	46
2319	#FFFFFF	46
2320	#FFFFFF	46
2321	#FFFFFF	46
2322	#FFFFFF	46
2323	#FFFFFF	46
2324	#FFFFFF	13
2325	#FFFFFF	46
2326	#FFFFFF	46
2327	#FFFFFF	46
2328	#FFFFFF	46
2329	#FFFFFF	46
2330	#FFFFFF	46
2331	#FFFFFF	13
2332	#FFFFFF	13
2333	#FFFFFF	46
2334	#FFFFFF	13
2335	#FFFFFF	46
2336	#FFFFFF	46
2337	#FFFFFF	46
2338	#FFFFFF	46
2339	#FFFFFF	46
2340	#FFFFFF	46
2341	#FFFFFF	46
2342	#FFFFFF	46
2343	#FFFFFF	46
2344	#FFFFFF	46
2345	#FFFFFF	13
2346	#FFFFFF	13
2347	#FFFFFF	46
2348	#FFFFFF	13
2349	#FFFFFF	13
2350	#FFFFFF	46
2351	#FFFFFF	46
2352	#FFFFFF	13
2353	#FFFFFF	46
2354	#FFFFFF	46
2355	#FFFFFF	13
2356	#FFFFFF	13
2357	#FFFFFF	13
2358	#FFFFFF	46
2359	#FFFFFF	46
2360	#FFFFFF	46
2361	#FFFFFF	46
2362	#FFFFFF	46
2363	#FFFFFF	46
2364	#FFFFFF	46
2365	#FFFFFF	46
2366	#FFFFFF	46
2367	#FFFFFF	46
2368	#FFFFFF	46
2369	#FFFFFF	46
2370	#FFFFFF	46
2371	#FFFFFF	46
2372	#FFFFFF	46
2373	#FFFFFF	46
2375	#FFFFFF	46
2376	#FFFFFF	46
2377	#FFFFFF	13
2378	#FFFFFF	13
2379	#FFFFFF	13
2380	#FFFFFF	13
2381	#FFFFFF	13
2382	#FFFFFF	13
2383	#FFFFFF	13
2384	#FFFFFF	13
2385	#FFFFFF	13
2386	#FFFFFF	13
2387	#FFFFFF	46
2388	#FFFFFF	13
2389	#FFFFFF	13
2390	#FFFFFF	13
2391	#FFFFFF	13
2392	#FFFFFF	13
2393	#FFFFFF	13
2394	#FFFFFF	13
2395	#FFFFFF	13
2396	#FFFFFF	13
2397	#FFFFFF	13
2398	#FFFFFF	46
2399	#FFFFFF	13
2400	#FFFFFF	13
2401	#FFFFFF	13
2402	#FFFFFF	13
2403	#FFFFFF	13
2404	#FFFFFF	13
2405	#FFFFFF	13
2406	#FFFFFF	13
2407	#FFFFFF	13
2408	#FFFFFF	13
2409	#FFFFFF	46
2410	#FFFFFF	13
2411	#FFFFFF	13
2412	#FFFFFF	13
2413	#FFFFFF	13
2414	#FFFFFF	13
2415	#FFFFFF	46
2416	#FFFFFF	46
2417	#FFFFFF	46
2418	#FFFFFF	13
2420	#FFFFFF	46
2421	#FFFFFF	13
2422	#FFFFFF	46
2423	#FFFFFF	46
2424	#FFFFFF	46
2425	#FFFFFF	46
2426	#FFFFFF	46
2427	#FFFFFF	46
2428	#FFFFFF	13
2429	#FFFFFF	13
2430	#FFFFFF	13
2431	#FFFFFF	13
2432	#FFFFFF	13
2433	#FFFFFF	13
2434	#FFFFFF	13
2435	#FFFFFF	13
2436	#FFFFFF	13
2437	#FFFFFF	13
2438	#FFFFFF	46
2439	#FFFFFF	13
2440	#FFFFFF	13
2441	#FFFFFF	13
2442	#FFFFFF	13
2443	#FFFFFF	13
2444	#FFFFFF	13
2445	#FFFFFF	13
2446	#FFFFFF	13
2447	#FFFFFF	13
2448	#FFFFFF	13
2449	#FFFFFF	46
2450	#FFFFFF	13
2451	#FFFFFF	13
2452	#FFFFFF	13
2453	#FFFFFF	13
2454	#FFFFFF	13
2455	#FFFFFF	13
2456	#FFFFFF	13
2457	#FFFFFF	13
2458	#FFFFFF	13
2459	#FFFFFF	13
2460	#FFFFFF	46
2461	#FFFFFF	13
2462	#FFFFFF	13
2463	#FFFFFF	13
2464	#FFFFFF	13
2465	#FFFFFF	13
2466	#FFFFFF	46
2467	#FFFFFF	46
2468	#FFFFFF	13
2469	#FFFFFF	13
2470	#FFFFFF	46
2471	#FFFFFF	13
2472	#FFFFFF	46
2473	#FFFFFF	46
2474	#FFFFFF	46
2476	#FFFFFF	46
2477	#FFFFFF	46
2478	#FFFFFF	13
2479	#FFFFFF	13
2480	#FFFFFF	13
2481	#FFFFFF	13
2482	#FFFFFF	13
2483	#FFFFFF	13
2484	#FFFFFF	13
2485	#FFFFFF	13
2486	#FFFFFF	13
2487	#FFFFFF	13
2488	#FFFFFF	46
2489	#FFFFFF	13
2490	#FFFFFF	13
2491	#FFFFFF	13
2492	#FFFFFF	13
2493	#FFFFFF	13
2494	#FFFFFF	13
2495	#FFFFFF	13
2496	#FFFFFF	13
2497	#FFFFFF	13
2498	#FFFFFF	13
2499	#FFFFFF	46
2500	#FFFFFF	13
2501	#FFFFFF	13
2502	#FFFFFF	13
2503	#FFFFFF	13
2504	#FFFFFF	13
2505	#FFFFFF	13
2506	#FFFFFF	13
2507	#FFFFFF	13
2508	#FFFFFF	13
2509	#FFFFFF	13
2510	#FFFFFF	46
2511	#FFFFFF	13
2512	#FFFFFF	13
2513	#FFFFFF	13
2514	#FFFFFF	13
2515	#FFFFFF	13
2516	#FFFFFF	13
2517	#FFFFFF	46
2518	#FFFFFF	46
2519	#FFFFFF	13
2521	#FFFFFF	46
2522	#FFFFFF	46
2523	#FFFFFF	13
2524	#FFFFFF	13
2525	#FFFFFF	46
2526	#FFFFFF	46
2527	#FFFFFF	46
2528	#FFFFFF	46
2529	#FFFFFF	13
2530	#FFFFFF	13
2531	#FFFFFF	13
2532	#FFFFFF	13
2533	#FFFFFF	13
2534	#FFFFFF	13
2535	#FFFFFF	13
2536	#FFFFFF	13
2537	#FFFFFF	13
2538	#FFFFFF	13
2539	#FFFFFF	46
2540	#FFFFFF	13
2541	#FFFFFF	13
2542	#FFFFFF	13
2543	#FFFFFF	13
2544	#FFFFFF	13
2545	#FFFFFF	13
2546	#FFFFFF	13
2547	#FFFFFF	13
2548	#FFFFFF	13
2549	#FFFFFF	13
2550	#FFFFFF	46
2551	#FFFFFF	13
2552	#FFFFFF	13
2553	#FFFFFF	13
2554	#FFFFFF	13
2555	#FFFFFF	13
2556	#FFFFFF	13
2557	#FFFFFF	13
2558	#FFFFFF	13
2559	#FFFFFF	13
2560	#FFFFFF	13
2561	#FFFFFF	46
2562	#FFFFFF	13
2563	#FFFFFF	13
2564	#FFFFFF	13
2565	#FFFFFF	13
2566	#FFFFFF	13
2567	#FFFFFF	46
2568	#FFFFFF	46
2569	#FFFFFF	13
2570	#FFFFFF	13
2571	#FFFFFF	46
2572	#FFFFFF	13
2573	#FFFFFF	13
2574	#FFFFFF	46
2575	#FFFFFF	46
2577	#FFFFFF	46
2578	#FFFFFF	46
2579	#FFFFFF	46
2580	#FFFFFF	46
2581	#FFFFFF	13
2582	#FFFFFF	46
2583	#FFFFFF	13
2584	#FFFFFF	13
2585	#FFFFFF	13
2586	#FFFFFF	13
2587	#FFFFFF	13
2588	#FFFFFF	13
2589	#FFFFFF	46
2590	#FFFFFF	13
2591	#FFFFFF	13
2592	#FFFFFF	13
2593	#FFFFFF	13
2594	#FFFFFF	13
2595	#FFFFFF	13
2596	#FFFFFF	13
2597	#FFFFFF	13
2598	#FFFFFF	13
2599	#FFFFFF	13
2600	#FFFFFF	46
2601	#FFFFFF	13
2602	#FFFFFF	13
2603	#FFFFFF	13
2604	#FFFFFF	13
2605	#FFFFFF	13
2606	#FFFFFF	13
2607	#FFFFFF	13
2608	#FFFFFF	13
2609	#FFFFFF	13
2610	#FFFFFF	13
2611	#FFFFFF	46
2612	#FFFFFF	13
2613	#FFFFFF	13
2614	#FFFFFF	13
2615	#FFFFFF	13
2616	#FFFFFF	13
2617	#FFFFFF	13
2618	#FFFFFF	46
2619	#FFFFFF	46
2620	#FFFFFF	13
2622	#FFFFFF	46
2623	#FFFFFF	46
2624	#FFFFFF	46
2625	#FFFFFF	13
2626	#FFFFFF	46
2627	#FFFFFF	46
2628	#FFFFFF	46
2629	#FFFFFF	46
2630	#FFFFFF	46
2631	#FFFFFF	46
2632	#FFFFFF	46
2633	#FFFFFF	13
2634	#FFFFFF	13
2635	#FFFFFF	13
2636	#FFFFFF	13
2637	#FFFFFF	13
2638	#FFFFFF	13
2639	#FFFFFF	13
2640	#FFFFFF	46
2641	#FFFFFF	13
2642	#FFFFFF	13
2643	#FFFFFF	13
2644	#FFFFFF	13
2645	#FFFFFF	13
2646	#FFFFFF	13
2647	#FFFFFF	13
2648	#FFFFFF	13
2649	#FFFFFF	13
2650	#FFFFFF	13
2651	#FFFFFF	46
2652	#FFFFFF	13
2653	#FFFFFF	13
2654	#FFFFFF	13
2655	#FFFFFF	13
2656	#FFFFFF	13
2657	#FFFFFF	13
2658	#FFFFFF	13
2659	#FFFFFF	13
2660	#FFFFFF	13
2661	#FFFFFF	13
2662	#FFFFFF	46
2663	#FFFFFF	13
2664	#FFFFFF	13
2665	#FFFFFF	13
2666	#FFFFFF	13
2667	#FFFFFF	13
2668	#FFFFFF	46
2669	#FFFFFF	46
2670	#FFFFFF	13
2671	#FFFFFF	13
2672	#FFFFFF	46
2673	#FFFFFF	46
2674	#FFFFFF	46
2675	#FFFFFF	13
2676	#FFFFFF	46
2678	#FFFFFF	46
2679	#FFFFFF	46
2680	#FFFFFF	46
2681	#FFFFFF	46
2682	#FFFFFF	46
2683	#FFFFFF	13
2684	#FFFFFF	13
2685	#FFFFFF	13
2686	#FFFFFF	13
2687	#FFFFFF	13
2688	#FFFFFF	13
2689	#FFFFFF	13
2690	#FFFFFF	46
2691	#FFFFFF	13
2692	#FFFFFF	13
2693	#FFFFFF	13
2694	#FFFFFF	13
2695	#FFFFFF	13
2696	#FFFFFF	13
2697	#FFFFFF	13
2698	#FFFFFF	13
2699	#FFFFFF	13
2700	#FFFFFF	13
2701	#FFFFFF	46
2702	#FFFFFF	13
2703	#FFFFFF	13
2704	#FFFFFF	13
2705	#FFFFFF	13
2706	#FFFFFF	13
2707	#FFFFFF	13
2708	#FFFFFF	13
2709	#FFFFFF	13
2710	#FFFFFF	13
2711	#FFFFFF	13
2712	#FFFFFF	46
2713	#FFFFFF	13
2714	#FFFFFF	13
2715	#FFFFFF	13
2716	#FFFFFF	13
2717	#FFFFFF	13
2718	#FFFFFF	13
2719	#FFFFFF	46
2720	#FFFFFF	46
2721	#FFFFFF	13
2723	#FFFFFF	46
2724	#FFFFFF	46
2725	#FFFFFF	46
2726	#FFFFFF	46
2727	#FFFFFF	46
2728	#FFFFFF	46
2729	#FFFFFF	46
2730	#FFFFFF	46
2731	#FFFFFF	46
2732	#FFFFFF	46
2733	#FFFFFF	46
2734	#FFFFFF	46
2735	#FFFFFF	46
2736	#FFFFFF	13
2737	#FFFFFF	13
2738	#FFFFFF	13
2739	#FFFFFF	13
2740	#FFFFFF	13
2741	#FFFFFF	46
2742	#FFFFFF	13
2743	#FFFFFF	13
2744	#FFFFFF	13
2745	#FFFFFF	13
2746	#FFFFFF	13
2747	#FFFFFF	13
2748	#FFFFFF	13
2749	#FFFFFF	13
2750	#FFFFFF	13
2751	#FFFFFF	13
2752	#FFFFFF	46
2753	#FFFFFF	13
2754	#FFFFFF	13
2755	#FFFFFF	13
2756	#FFFFFF	13
2757	#FFFFFF	13
2758	#FFFFFF	13
2759	#FFFFFF	13
2760	#FFFFFF	13
2761	#FFFFFF	13
2762	#FFFFFF	13
2763	#FFFFFF	46
2764	#FFFFFF	13
2765	#FFFFFF	13
2766	#FFFFFF	13
2767	#FFFFFF	13
2768	#FFFFFF	13
2769	#FFFFFF	13
2770	#FFFFFF	46
2771	#FFFFFF	13
2772	#FFFFFF	13
2773	#FFFFFF	46
2774	#FFFFFF	46
2775	#FFFFFF	46
2776	#FFFFFF	46
2777	#FFFFFF	46
2779	#FFFFFF	46
2780	#FFFFFF	46
2781	#FFFFFF	46
2782	#FFFFFF	46
2783	#FFFFFF	46
2784	#FFFFFF	46
2785	#FFFFFF	46
2786	#FFFFFF	13
2787	#FFFFFF	13
2788	#FFFFFF	13
2789	#FFFFFF	13
2790	#FFFFFF	13
2791	#FFFFFF	46
2792	#FFFFFF	13
2793	#FFFFFF	13
2794	#FFFFFF	13
2795	#FFFFFF	13
2796	#FFFFFF	13
2797	#FFFFFF	13
2798	#FFFFFF	13
2799	#FFFFFF	13
2800	#FFFFFF	13
2801	#FFFFFF	13
2802	#FFFFFF	46
2803	#FFFFFF	13
2804	#FFFFFF	13
2805	#FFFFFF	13
2806	#FFFFFF	13
2807	#FFFFFF	13
2808	#FFFFFF	13
2809	#FFFFFF	13
2810	#FFFFFF	13
2811	#FFFFFF	13
2812	#FFFFFF	13
2813	#FFFFFF	46
2814	#FFFFFF	13
2815	#FFFFFF	13
2816	#FFFFFF	13
2817	#FFFFFF	13
2818	#FFFFFF	13
2819	#FFFFFF	13
2820	#FFFFFF	46
2821	#FFFFFF	13
2822	#FFFFFF	13
2824	#FFFFFF	46
2825	#FFFFFF	46
2826	#FFFFFF	46
2827	#FFFFFF	46
2828	#FFFFFF	46
2829	#FFFFFF	46
2830	#FFFFFF	46
2831	#FFFFFF	46
2832	#FFFFFF	46
2833	#FFFFFF	46
2834	#FFFFFF	46
2835	#FFFFFF	13
2836	#FFFFFF	13
2837	#FFFFFF	13
2838	#FFFFFF	13
2839	#FFFFFF	13
2840	#FFFFFF	13
2841	#FFFFFF	13
2842	#FFFFFF	46
2843	#FFFFFF	13
2844	#FFFFFF	13
2845	#FFFFFF	13
2846	#FFFFFF	13
2847	#FFFFFF	13
2848	#FFFFFF	13
2849	#FFFFFF	13
2850	#FFFFFF	13
2851	#FFFFFF	13
2852	#FFFFFF	13
2853	#FFFFFF	46
2854	#FFFFFF	13
2855	#FFFFFF	13
2856	#FFFFFF	13
2857	#FFFFFF	13
2858	#FFFFFF	13
2859	#FFFFFF	13
2860	#FFFFFF	13
2861	#FFFFFF	13
2862	#FFFFFF	13
2863	#FFFFFF	13
2864	#FFFFFF	46
2865	#FFFFFF	13
2866	#FFFFFF	13
2867	#FFFFFF	13
2868	#FFFFFF	13
2869	#FFFFFF	13
2870	#FFFFFF	46
2871	#FFFFFF	46
2872	#FFFFFF	46
2873	#FFFFFF	46
2874	#FFFFFF	46
2875	#FFFFFF	46
2876	#FFFFFF	46
2877	#FFFFFF	46
2878	#FFFFFF	46
2880	#FFFFFF	46
2881	#FFFFFF	46
2882	#FFFFFF	46
2883	#FFFFFF	46
2884	#FFFFFF	46
2885	#FFFFFF	46
2886	#FFFFFF	13
2887	#FFFFFF	13
2888	#FFFFFF	13
2889	#FFFFFF	13
2890	#FFFFFF	13
2891	#FFFFFF	13
2892	#FFFFFF	46
2893	#FFFFFF	13
2894	#FFFFFF	13
2895	#FFFFFF	13
2896	#FFFFFF	13
2897	#FFFFFF	13
2898	#FFFFFF	13
2899	#FFFFFF	13
2900	#FFFFFF	13
2901	#FFFFFF	13
2902	#FFFFFF	13
2903	#FFFFFF	46
2904	#FFFFFF	13
2905	#FFFFFF	13
2906	#FFFFFF	13
2907	#FFFFFF	13
2908	#FFFFFF	13
2909	#FFFFFF	13
2910	#FFFFFF	13
2911	#FFFFFF	13
2912	#FFFFFF	13
2913	#FFFFFF	13
2914	#FFFFFF	46
2915	#FFFFFF	13
2916	#FFFFFF	13
2917	#FFFFFF	13
2918	#FFFFFF	13
2919	#FFFFFF	13
2920	#FFFFFF	46
2921	#FFFFFF	13
2922	#FFFFFF	46
2923	#FFFFFF	46
2925	#FFFFFF	46
2926	#FFFFFF	46
2927	#FFFFFF	46
2928	#FFFFFF	46
2929	#FFFFFF	46
2930	#FFFFFF	46
2931	#FFFFFF	46
2932	#FFFFFF	46
2933	#FFFFFF	46
2934	#FFFFFF	46
2935	#FFFFFF	46
2936	#FFFFFF	46
2937	#FFFFFF	13
2938	#FFFFFF	13
2939	#FFFFFF	13
2940	#FFFFFF	13
2941	#FFFFFF	13
2942	#FFFFFF	13
2943	#FFFFFF	46
2944	#FFFFFF	13
2945	#FFFFFF	13
2946	#FFFFFF	13
2947	#FFFFFF	13
2948	#FFFFFF	13
2949	#FFFFFF	13
2950	#FFFFFF	13
2951	#FFFFFF	13
2952	#FFFFFF	13
2953	#FFFFFF	13
2954	#FFFFFF	46
2955	#FFFFFF	13
2956	#FFFFFF	13
2957	#FFFFFF	13
2958	#FFFFFF	13
2959	#FFFFFF	13
2960	#FFFFFF	46
2961	#FFFFFF	46
2962	#FFFFFF	13
2963	#FFFFFF	13
2964	#FFFFFF	13
2965	#FFFFFF	46
2966	#FFFFFF	13
2967	#FFFFFF	13
2968	#FFFFFF	13
2969	#FFFFFF	13
2970	#FFFFFF	13
2971	#FFFFFF	13
2972	#FFFFFF	46
2973	#FFFFFF	46
2974	#FFFFFF	46
2975	#FFFFFF	46
2976	#FFFFFF	46
2977	#FFFFFF	46
2978	#FFFFFF	46
2979	#FFFFFF	46
2981	#FFFFFF	46
2982	#FFFFFF	46
2983	#FFFFFF	46
2984	#FFFFFF	46
2985	#FFFFFF	46
2986	#FFFFFF	46
2987	#FFFFFF	13
2988	#FFFFFF	13
2989	#FFFFFF	46
2990	#FFFFFF	13
2991	#FFFFFF	13
2992	#FFFFFF	13
2993	#FFFFFF	46
2994	#FFFFFF	13
2995	#FFFFFF	13
2996	#FFFFFF	13
2997	#FFFFFF	13
2998	#FFFFFF	13
2999	#FFFFFF	13
3000	#FFFFFF	13
3001	#FFFFFF	13
3002	#FFFFFF	13
3003	#FFFFFF	13
3004	#FFFFFF	46
3005	#FFFFFF	13
3006	#FFFFFF	13
3007	#FFFFFF	13
3008	#FFFFFF	46
3009	#FFFFFF	46
3010	#FFFFFF	46
3011	#FFFFFF	46
3012	#FFFFFF	13
3013	#FFFFFF	13
3014	#FFFFFF	13
3015	#FFFFFF	46
3016	#FFFFFF	13
3017	#FFFFFF	13
3018	#FFFFFF	13
3019	#FFFFFF	13
3020	#FFFFFF	13
3021	#FFFFFF	13
3022	#FFFFFF	13
3023	#FFFFFF	13
3024	#FFFFFF	46
3026	#FFFFFF	46
3027	#FFFFFF	46
3028	#FFFFFF	46
3029	#FFFFFF	46
3030	#FFFFFF	46
3031	#FFFFFF	46
3032	#FFFFFF	46
3033	#FFFFFF	46
3034	#FFFFFF	46
3035	#FFFFFF	46
3036	#FFFFFF	46
3037	#FFFFFF	46
3038	#FFFFFF	13
3039	#FFFFFF	13
3040	#FFFFFF	46
3041	#FFFFFF	46
3042	#FFFFFF	13
3043	#FFFFFF	13
3044	#FFFFFF	46
3045	#FFFFFF	13
3046	#FFFFFF	13
3047	#FFFFFF	13
3048	#FFFFFF	13
3049	#FFFFFF	13
3050	#FFFFFF	13
3051	#FFFFFF	13
3052	#FFFFFF	13
3053	#FFFFFF	13
3054	#FFFFFF	13
3055	#FFFFFF	46
3056	#FFFFFF	46
3057	#FFFFFF	13
3058	#FFFFFF	13
3059	#FFFFFF	46
3060	#FFFFFF	46
3061	#FFFFFF	13
3062	#FFFFFF	13
3063	#FFFFFF	13
3064	#FFFFFF	13
3065	#FFFFFF	13
3066	#FFFFFF	46
3067	#FFFFFF	13
3068	#FFFFFF	13
3069	#FFFFFF	13
3070	#FFFFFF	13
3071	#FFFFFF	13
3072	#FFFFFF	13
3073	#FFFFFF	13
3074	#FFFFFF	46
3075	#FFFFFF	46
3076	#FFFFFF	46
3077	#FFFFFF	46
3078	#FFFFFF	46
3079	#FFFFFF	46
3080	#FFFFFF	46
3082	#FFFFFF	46
3083	#FFFFFF	46
3084	#FFFFFF	46
3085	#FFFFFF	46
3086	#FFFFFF	46
3087	#FFFFFF	46
3088	#FFFFFF	13
3089	#FFFFFF	13
3090	#FFFFFF	13
3091	#FFFFFF	46
3092	#FFFFFF	46
3093	#FFFFFF	13
3094	#FFFFFF	46
3095	#FFFFFF	13
3096	#FFFFFF	13
3097	#FFFFFF	13
3098	#FFFFFF	13
3099	#FFFFFF	13
3100	#FFFFFF	13
3101	#FFFFFF	13
3102	#FFFFFF	13
3103	#FFFFFF	13
3104	#FFFFFF	46
3105	#FFFFFF	46
3106	#FFFFFF	46
3107	#FFFFFF	46
3108	#FFFFFF	46
3109	#FFFFFF	46
3110	#FFFFFF	46
3111	#FFFFFF	46
3112	#FFFFFF	13
3113	#FFFFFF	13
3114	#FFFFFF	13
3115	#FFFFFF	13
3116	#FFFFFF	46
3117	#FFFFFF	13
3118	#FFFFFF	13
3119	#FFFFFF	13
3120	#FFFFFF	13
3121	#FFFFFF	13
3122	#FFFFFF	13
3123	#FFFFFF	13
3124	#FFFFFF	13
3125	#FFFFFF	46
3127	#FFFFFF	46
3128	#FFFFFF	46
3129	#FFFFFF	46
3130	#FFFFFF	46
3131	#FFFFFF	46
3132	#FFFFFF	46
3133	#FFFFFF	46
3134	#FFFFFF	46
3135	#FFFFFF	46
3136	#FFFFFF	46
3137	#FFFFFF	46
3138	#FFFFFF	46
3139	#FFFFFF	13
3140	#FFFFFF	46
3141	#FFFFFF	46
3142	#FFFFFF	46
3143	#FFFFFF	13
3144	#FFFFFF	13
3145	#FFFFFF	46
3146	#FFFFFF	13
3147	#FFFFFF	13
3148	#FFFFFF	13
3149	#FFFFFF	13
3150	#FFFFFF	13
3151	#FFFFFF	13
3152	#FFFFFF	13
3153	#FFFFFF	13
3154	#FFFFFF	46
3155	#FFFFFF	46
3156	#FFFFFF	46
3157	#FFFFFF	46
3158	#FFFFFF	46
3159	#FFFFFF	46
3160	#FFFFFF	13
3161	#FFFFFF	46
3162	#FFFFFF	13
3163	#FFFFFF	13
3164	#FFFFFF	13
3165	#FFFFFF	13
3166	#FFFFFF	13
3167	#FFFFFF	46
3168	#FFFFFF	13
3169	#FFFFFF	13
3170	#FFFFFF	13
3171	#FFFFFF	13
3172	#FFFFFF	13
3173	#FFFFFF	13
3174	#FFFFFF	13
3175	#FFFFFF	46
3176	#FFFFFF	46
3177	#FFFFFF	46
3178	#FFFFFF	46
3179	#FFFFFF	46
3180	#FFFFFF	46
3181	#FFFFFF	46
3183	#FFFFFF	46
3184	#FFFFFF	46
3185	#FFFFFF	46
3186	#FFFFFF	46
3187	#FFFFFF	46
3188	#FFFFFF	46
3189	#FFFFFF	46
3190	#FFFFFF	46
3191	#FFFFFF	46
3192	#FFFFFF	46
3193	#FFFFFF	46
3194	#FFFFFF	13
3195	#FFFFFF	46
3196	#FFFFFF	13
3197	#FFFFFF	13
3198	#FFFFFF	13
3199	#FFFFFF	13
3200	#FFFFFF	13
3201	#FFFFFF	13
3202	#FFFFFF	13
3203	#FFFFFF	13
3204	#FFFFFF	13
3205	#FFFFFF	46
3206	#FFFFFF	46
3207	#FFFFFF	46
3208	#FFFFFF	46
3209	#FFFFFF	46
3210	#FFFFFF	46
3211	#FFFFFF	13
3212	#FFFFFF	13
3213	#FFFFFF	13
3214	#FFFFFF	13
3215	#FFFFFF	13
3216	#FFFFFF	13
3217	#FFFFFF	46
3218	#FFFFFF	13
3219	#FFFFFF	13
3220	#FFFFFF	13
3221	#FFFFFF	13
3222	#FFFFFF	13
3223	#FFFFFF	13
3224	#FFFFFF	13
3225	#FFFFFF	13
3226	#FFFFFF	46
3228	#FFFFFF	46
3229	#FFFFFF	46
3230	#FFFFFF	46
3231	#FFFFFF	46
3232	#FFFFFF	46
3233	#FFFFFF	46
3234	#FFFFFF	46
3235	#FFFFFF	46
3236	#FFFFFF	46
3237	#FFFFFF	46
3238	#FFFFFF	46
3239	#FFFFFF	46
3240	#FFFFFF	46
3241	#FFFFFF	46
3242	#FFFFFF	46
3243	#FFFFFF	46
3244	#FFFFFF	13
3245	#FFFFFF	13
3246	#FFFFFF	46
3247	#FFFFFF	13
3248	#FFFFFF	13
3249	#FFFFFF	13
3250	#FFFFFF	13
3251	#FFFFFF	13
3252	#FFFFFF	13
3253	#FFFFFF	13
3254	#FFFFFF	13
3255	#FFFFFF	46
3256	#FFFFFF	46
3257	#FFFFFF	46
3258	#FFFFFF	46
3259	#FFFFFF	46
3260	#FFFFFF	46
3261	#FFFFFF	46
3262	#FFFFFF	13
3263	#FFFFFF	13
3264	#FFFFFF	13
3265	#FFFFFF	13
3266	#FFFFFF	13
3267	#FFFFFF	13
3268	#FFFFFF	46
3269	#FFFFFF	13
3270	#FFFFFF	13
3271	#FFFFFF	13
3272	#FFFFFF	13
3273	#FFFFFF	13
3274	#FFFFFF	13
3275	#FFFFFF	13
3276	#FFFFFF	13
3277	#FFFFFF	46
3278	#FFFFFF	46
3279	#FFFFFF	46
3280	#FFFFFF	46
3281	#FFFFFF	46
3282	#FFFFFF	46
3284	#FFFFFF	46
3285	#FFFFFF	46
3286	#FFFFFF	46
3287	#FFFFFF	46
3288	#FFFFFF	46
3289	#FFFFFF	46
3290	#FFFFFF	46
3291	#FFFFFF	46
3292	#FFFFFF	46
3293	#FFFFFF	13
3294	#FFFFFF	13
3295	#FFFFFF	13
3296	#FFFFFF	46
3297	#FFFFFF	13
3298	#FFFFFF	13
3299	#FFFFFF	13
3300	#FFFFFF	13
3301	#FFFFFF	46
3302	#FFFFFF	46
3303	#FFFFFF	13
3304	#FFFFFF	46
3305	#FFFFFF	13
3306	#FFFFFF	46
3307	#FFFFFF	46
3308	#FFFFFF	46
3309	#FFFFFF	46
3310	#FFFFFF	46
3311	#FFFFFF	46
3312	#FFFFFF	46
3313	#FFFFFF	13
3314	#FFFFFF	13
3315	#FFFFFF	13
3316	#FFFFFF	13
3317	#FFFFFF	13
3318	#FFFFFF	46
3319	#FFFFFF	13
3320	#FFFFFF	13
3321	#FFFFFF	13
3322	#FFFFFF	13
3323	#FFFFFF	13
3324	#FFFFFF	13
3325	#FFFFFF	13
3326	#FFFFFF	13
3327	#FFFFFF	13
3329	#FFFFFF	46
3330	#FFFFFF	46
3331	#FFFFFF	46
3332	#FFFFFF	46
3333	#FFFFFF	46
3334	#FFFFFF	46
3335	#FFFFFF	46
3336	#FFFFFF	46
3337	#FFFFFF	46
3338	#FFFFFF	46
3339	#FFFFFF	46
3340	#FFFFFF	46
3341	#FFFFFF	46
3342	#FFFFFF	46
3343	#FFFFFF	46
3344	#FFFFFF	13
3345	#FFFFFF	13
3346	#FFFFFF	13
3347	#FFFFFF	46
3348	#FFFFFF	13
3349	#FFFFFF	13
3350	#FFFFFF	13
3351	#FFFFFF	13
3352	#FFFFFF	46
3353	#FFFFFF	13
3354	#FFFFFF	46
3355	#FFFFFF	46
3356	#FFFFFF	13
3357	#FFFFFF	46
3358	#FFFFFF	46
3359	#FFFFFF	46
3360	#FFFFFF	46
3361	#FFFFFF	46
3362	#FFFFFF	13
3363	#FFFFFF	46
3364	#FFFFFF	13
3365	#FFFFFF	13
3366	#FFFFFF	13
3367	#FFFFFF	13
3368	#FFFFFF	13
3369	#FFFFFF	46
3370	#FFFFFF	13
3371	#FFFFFF	13
3372	#FFFFFF	13
3373	#FFFFFF	13
3374	#FFFFFF	13
3375	#FFFFFF	13
3376	#FFFFFF	13
3377	#FFFFFF	13
3378	#FFFFFF	13
3379	#FFFFFF	46
3380	#FFFFFF	46
3381	#FFFFFF	46
3382	#FFFFFF	46
3383	#FFFFFF	46
3385	#FFFFFF	46
3386	#FFFFFF	46
3387	#FFFFFF	46
3388	#FFFFFF	46
3389	#FFFFFF	46
3390	#FFFFFF	46
3391	#FFFFFF	13
3392	#FFFFFF	13
3393	#FFFFFF	13
3394	#FFFFFF	46
3395	#FFFFFF	13
3396	#FFFFFF	46
3397	#FFFFFF	46
3398	#FFFFFF	46
3399	#FFFFFF	46
3400	#FFFFFF	46
3401	#FFFFFF	46
3402	#FFFFFF	46
3403	#FFFFFF	46
3404	#FFFFFF	46
3405	#FFFFFF	13
3406	#FFFFFF	13
3407	#FFFFFF	46
3408	#FFFFFF	46
3409	#FFFFFF	13
3410	#FFFFFF	46
3411	#FFFFFF	46
3412	#FFFFFF	13
3413	#FFFFFF	13
3414	#FFFFFF	46
3415	#FFFFFF	13
3416	#FFFFFF	13
3417	#FFFFFF	13
3418	#FFFFFF	46
3419	#FFFFFF	46
3420	#FFFFFF	46
3421	#FFFFFF	46
3422	#FFFFFF	46
3423	#FFFFFF	46
3424	#FFFFFF	46
3425	#FFFFFF	46
3426	#FFFFFF	46
3427	#FFFFFF	46
3428	#FFFFFF	46
3430	#FFFFFF	46
3431	#FFFFFF	46
3432	#FFFFFF	46
3433	#FFFFFF	46
3434	#FFFFFF	46
3435	#FFFFFF	46
3436	#FFFFFF	46
3437	#FFFFFF	46
3438	#FFFFFF	46
3439	#FFFFFF	46
3440	#FFFFFF	46
3441	#FFFFFF	13
3442	#FFFFFF	13
3443	#FFFFFF	13
3444	#FFFFFF	46
3445	#FFFFFF	46
3446	#FFFFFF	13
3447	#FFFFFF	46
3448	#FFFFFF	46
3449	#FFFFFF	46
3450	#FFFFFF	13
3451	#FFFFFF	13
3452	#FFFFFF	13
3453	#FFFFFF	46
3454	#FFFFFF	46
3455	#FFFFFF	46
3456	#FFFFFF	13
3457	#FFFFFF	46
3458	#FFFFFF	46
3459	#FFFFFF	46
3460	#FFFFFF	46
3461	#FFFFFF	46
3462	#FFFFFF	46
3463	#FFFFFF	46
3464	#FFFFFF	46
3465	#FFFFFF	13
3466	#FFFFFF	13
3467	#FFFFFF	13
3468	#FFFFFF	46
3469	#FFFFFF	46
3470	#FFFFFF	46
3471	#FFFFFF	46
3472	#FFFFFF	46
3473	#FFFFFF	46
3474	#FFFFFF	46
3475	#FFFFFF	46
3476	#FFFFFF	46
3477	#FFFFFF	46
3478	#FFFFFF	46
3479	#FFFFFF	46
3480	#FFFFFF	46
3481	#FFFFFF	46
3482	#FFFFFF	46
3483	#FFFFFF	46
3484	#FFFFFF	46
3486	#FFFFFF	46
3487	#FFFFFF	46
3488	#FFFFFF	46
3489	#FFFFFF	46
3490	#FFFFFF	46
3491	#FFFFFF	46
3492	#FFFFFF	46
3493	#FFFFFF	46
3494	#FFFFFF	46
3495	#FFFFFF	46
3496	#FFFFFF	13
3497	#FFFFFF	13
3498	#FFFFFF	46
3499	#FFFFFF	13
3500	#FFFFFF	13
3501	#FFFFFF	13
3502	#FFFFFF	13
3503	#FFFFFF	46
3504	#FFFFFF	46
3505	#FFFFFF	46
3506	#FFFFFF	46
3507	#FFFFFF	46
3508	#FFFFFF	46
3509	#FFFFFF	46
3510	#FFFFFF	46
3511	#FFFFFF	46
3512	#FFFFFF	46
3513	#FFFFFF	13
3514	#FFFFFF	13
3515	#FFFFFF	13
3516	#FFFFFF	13
3517	#FFFFFF	13
3518	#FFFFFF	13
3519	#FFFFFF	13
3520	#FFFFFF	46
3521	#FFFFFF	13
3522	#FFFFFF	13
3523	#FFFFFF	13
3524	#FFFFFF	13
3525	#FFFFFF	13
3526	#FFFFFF	13
3527	#FFFFFF	13
3528	#FFFFFF	13
3529	#FFFFFF	13
3531	#FFFFFF	46
3532	#FFFFFF	46
3533	#FFFFFF	46
3534	#FFFFFF	46
3535	#FFFFFF	46
3536	#FFFFFF	46
3537	#FFFFFF	46
3538	#FFFFFF	46
3539	#FFFFFF	46
3540	#FFFFFF	46
3541	#FFFFFF	46
3542	#FFFFFF	46
3543	#FFFFFF	46
3544	#FFFFFF	46
3545	#FFFFFF	46
3546	#FFFFFF	13
3547	#FFFFFF	13
3548	#FFFFFF	13
3549	#FFFFFF	46
3550	#FFFFFF	13
3551	#FFFFFF	13
3552	#FFFFFF	13
3553	#FFFFFF	46
3554	#FFFFFF	46
3555	#FFFFFF	46
3556	#FFFFFF	46
3557	#FFFFFF	46
3558	#FFFFFF	46
3559	#FFFFFF	46
3560	#FFFFFF	46
3561	#FFFFFF	46
3562	#FFFFFF	46
3563	#FFFFFF	13
3564	#FFFFFF	13
3565	#FFFFFF	13
3566	#FFFFFF	13
3567	#FFFFFF	13
3568	#FFFFFF	13
3569	#FFFFFF	13
3570	#FFFFFF	13
3571	#FFFFFF	46
3572	#FFFFFF	13
3573	#FFFFFF	13
3574	#FFFFFF	13
3575	#FFFFFF	13
3576	#FFFFFF	13
3577	#FFFFFF	13
3578	#FFFFFF	13
3579	#FFFFFF	13
3580	#FFFFFF	13
3581	#FFFFFF	46
3582	#FFFFFF	46
3583	#FFFFFF	46
3584	#FFFFFF	46
3585	#FFFFFF	46
3587	#FFFFFF	46
3588	#FFFFFF	46
3589	#FFFFFF	46
3590	#FFFFFF	46
3591	#FFFFFF	46
3592	#FFFFFF	46
3593	#FFFFFF	46
3594	#FFFFFF	46
3595	#FFFFFF	46
3596	#FFFFFF	46
3597	#FFFFFF	13
3598	#FFFFFF	13
3599	#FFFFFF	46
3600	#FFFFFF	13
3601	#FFFFFF	13
3602	#FFFFFF	13
3603	#FFFFFF	46
3604	#FFFFFF	46
3605	#FFFFFF	46
3606	#FFFFFF	46
3607	#FFFFFF	46
3608	#FFFFFF	46
3609	#FFFFFF	46
3610	#FFFFFF	46
3611	#FFFFFF	46
3612	#FFFFFF	46
3613	#FFFFFF	46
3614	#FFFFFF	46
3615	#FFFFFF	13
3616	#FFFFFF	46
3617	#FFFFFF	13
3618	#FFFFFF	13
3619	#FFFFFF	13
3620	#FFFFFF	13
3621	#FFFFFF	46
3622	#FFFFFF	13
3623	#FFFFFF	13
3624	#FFFFFF	13
3625	#FFFFFF	13
3626	#FFFFFF	13
3627	#FFFFFF	13
3628	#FFFFFF	13
3629	#FFFFFF	13
3630	#FFFFFF	13
3632	#FFFFFF	46
3633	#FFFFFF	46
3634	#FFFFFF	46
3635	#FFFFFF	46
3636	#FFFFFF	46
3637	#FFFFFF	46
3638	#FFFFFF	46
3639	#FFFFFF	46
3640	#FFFFFF	46
3641	#FFFFFF	46
3642	#FFFFFF	46
3643	#FFFFFF	46
3644	#FFFFFF	46
3645	#FFFFFF	46
3646	#FFFFFF	46
3647	#FFFFFF	13
3648	#FFFFFF	13
3649	#FFFFFF	46
3650	#FFFFFF	46
3651	#FFFFFF	46
3652	#FFFFFF	13
3653	#FFFFFF	46
3654	#FFFFFF	46
3655	#FFFFFF	46
3656	#FFFFFF	46
3657	#FFFFFF	46
3658	#FFFFFF	46
3659	#FFFFFF	46
3660	#FFFFFF	46
3661	#FFFFFF	46
3662	#FFFFFF	46
3663	#FFFFFF	46
3664	#FFFFFF	46
3665	#FFFFFF	46
3666	#FFFFFF	46
3667	#FFFFFF	13
3668	#FFFFFF	13
3669	#FFFFFF	13
3670	#FFFFFF	13
3671	#FFFFFF	13
3672	#FFFFFF	46
3673	#FFFFFF	13
3674	#FFFFFF	13
3675	#FFFFFF	13
3676	#FFFFFF	13
3677	#FFFFFF	13
3678	#FFFFFF	13
3679	#FFFFFF	13
3680	#FFFFFF	13
3681	#FFFFFF	13
3682	#FFFFFF	46
3683	#FFFFFF	46
3684	#FFFFFF	46
3685	#FFFFFF	46
3686	#FFFFFF	46
3688	#FFFFFF	46
3689	#FFFFFF	46
3690	#FFFFFF	46
3691	#FFFFFF	46
3692	#FFFFFF	46
3693	#FFFFFF	46
3694	#FFFFFF	46
3695	#FFFFFF	46
3696	#FFFFFF	46
3697	#FFFFFF	46
3698	#FFFFFF	13
3699	#FFFFFF	46
3700	#FFFFFF	46
3701	#FFFFFF	46
3702	#FFFFFF	13
3703	#FFFFFF	46
3704	#FFFFFF	46
3705	#FFFFFF	46
3706	#FFFFFF	46
3707	#FFFFFF	46
3708	#FFFFFF	46
3709	#FFFFFF	46
3710	#FFFFFF	46
3711	#FFFFFF	46
3712	#FFFFFF	46
3713	#FFFFFF	46
3714	#FFFFFF	46
3715	#FFFFFF	46
3716	#FFFFFF	46
3717	#FFFFFF	46
3718	#FFFFFF	13
3719	#FFFFFF	13
3720	#FFFFFF	13
3721	#FFFFFF	13
3722	#FFFFFF	46
3723	#FFFFFF	13
3724	#FFFFFF	13
3725	#FFFFFF	13
3726	#FFFFFF	13
3727	#FFFFFF	13
3728	#FFFFFF	13
3729	#FFFFFF	13
3730	#FFFFFF	13
3731	#FFFFFF	13
3733	#FFFFFF	46
3734	#FFFFFF	46
3735	#FFFFFF	46
3736	#FFFFFF	46
3737	#FFFFFF	46
3738	#FFFFFF	46
3739	#FFFFFF	46
3740	#FFFFFF	46
3741	#FFFFFF	46
3742	#FFFFFF	46
3743	#FFFFFF	46
3744	#FFFFFF	46
3745	#FFFFFF	46
3746	#FFFFFF	46
3747	#FFFFFF	46
3748	#FFFFFF	46
3749	#FFFFFF	13
3750	#FFFFFF	46
3751	#FFFFFF	46
3752	#FFFFFF	46
3753	#FFFFFF	46
3754	#FFFFFF	46
3755	#FFFFFF	46
3756	#FFFFFF	46
3757	#FFFFFF	46
3758	#FFFFFF	46
3759	#FFFFFF	46
3760	#FFFFFF	46
3761	#FFFFFF	46
3762	#FFFFFF	46
3763	#FFFFFF	46
3764	#FFFFFF	46
3765	#FFFFFF	13
3766	#FFFFFF	13
3767	#FFFFFF	13
3768	#FFFFFF	13
3769	#FFFFFF	13
3770	#FFFFFF	13
3771	#FFFFFF	13
3772	#FFFFFF	13
3773	#FFFFFF	46
3774	#FFFFFF	13
3775	#FFFFFF	13
3776	#FFFFFF	13
3777	#FFFFFF	13
3778	#FFFFFF	13
3779	#FFFFFF	13
3780	#FFFFFF	13
3781	#FFFFFF	13
3782	#FFFFFF	13
3783	#FFFFFF	46
3784	#FFFFFF	46
3785	#FFFFFF	46
3786	#FFFFFF	46
3787	#FFFFFF	46
3789	#FFFFFF	46
3790	#FFFFFF	46
3791	#FFFFFF	46
3792	#FFFFFF	46
3793	#FFFFFF	46
3794	#FFFFFF	46
3795	#FFFFFF	46
3796	#FFFFFF	46
3797	#FFFFFF	46
3798	#FFFFFF	46
3799	#FFFFFF	46
3800	#FFFFFF	46
3801	#FFFFFF	46
3802	#FFFFFF	46
3803	#FFFFFF	46
3804	#FFFFFF	46
3805	#FFFFFF	46
3806	#FFFFFF	46
3807	#FFFFFF	46
3808	#FFFFFF	46
3809	#FFFFFF	46
3810	#FFFFFF	46
3811	#FFFFFF	46
3812	#FFFFFF	46
3813	#FFFFFF	46
3814	#FFFFFF	46
3815	#FFFFFF	46
3816	#FFFFFF	13
3817	#FFFFFF	13
3818	#FFFFFF	13
3819	#FFFFFF	13
3820	#FFFFFF	13
3821	#FFFFFF	13
3822	#FFFFFF	13
3823	#FFFFFF	46
3824	#FFFFFF	13
3825	#FFFFFF	13
3826	#FFFFFF	13
3827	#FFFFFF	13
3828	#FFFFFF	13
3829	#FFFFFF	13
3830	#FFFFFF	13
3831	#FFFFFF	13
3832	#FFFFFF	13
3834	#FFFFFF	46
3835	#FFFFFF	46
3836	#FFFFFF	46
3837	#FFFFFF	46
3838	#FFFFFF	46
3839	#FFFFFF	46
3840	#FFFFFF	46
3841	#FFFFFF	46
3842	#FFFFFF	46
3843	#FFFFFF	46
3844	#FFFFFF	46
3845	#FFFFFF	46
3846	#FFFFFF	46
3847	#FFFFFF	46
3848	#FFFFFF	46
3849	#FFFFFF	46
3850	#FFFFFF	46
3851	#FFFFFF	46
3852	#FFFFFF	46
3853	#FFFFFF	46
3854	#FFFFFF	46
3855	#FFFFFF	46
3856	#FFFFFF	46
3857	#FFFFFF	46
3858	#FFFFFF	46
3859	#FFFFFF	46
3860	#FFFFFF	46
3861	#FFFFFF	46
3862	#FFFFFF	46
3863	#FFFFFF	46
3864	#FFFFFF	46
3865	#FFFFFF	46
3866	#FFFFFF	13
3867	#FFFFFF	13
3868	#FFFFFF	13
3869	#FFFFFF	13
3870	#FFFFFF	13
3871	#FFFFFF	13
3872	#FFFFFF	13
3873	#FFFFFF	13
3874	#FFFFFF	46
3875	#FFFFFF	13
3876	#FFFFFF	13
3877	#FFFFFF	13
3878	#FFFFFF	13
3879	#FFFFFF	13
3880	#FFFFFF	13
3881	#FFFFFF	13
3882	#FFFFFF	13
3883	#FFFFFF	13
3884	#FFFFFF	46
3885	#FFFFFF	46
3886	#FFFFFF	46
3887	#FFFFFF	46
3888	#FFFFFF	46
3890	#FFFFFF	13
3891	#FFFFFF	46
3892	#FFFFFF	46
3893	#FFFFFF	46
3894	#FFFFFF	46
3895	#FFFFFF	46
3896	#FFFFFF	46
3897	#FFFFFF	46
3898	#FFFFFF	46
3899	#FFFFFF	46
3900	#FFFFFF	46
3901	#FFFFFF	46
3902	#FFFFFF	46
3903	#FFFFFF	46
3904	#FFFFFF	46
3905	#FFFFFF	46
3906	#FFFFFF	46
3907	#FFFFFF	46
3908	#FFFFFF	46
3909	#FFFFFF	46
3910	#FFFFFF	46
3911	#FFFFFF	46
3912	#FFFFFF	46
3913	#FFFFFF	46
3914	#FFFFFF	46
3915	#FFFFFF	46
3916	#FFFFFF	46
3917	#FFFFFF	13
3918	#FFFFFF	13
3919	#FFFFFF	13
3920	#FFFFFF	13
3921	#FFFFFF	13
3922	#FFFFFF	13
3923	#FFFFFF	13
3924	#FFFFFF	46
3925	#FFFFFF	13
3926	#FFFFFF	13
3927	#FFFFFF	13
3928	#FFFFFF	13
3929	#FFFFFF	13
3930	#FFFFFF	13
3931	#FFFFFF	13
3932	#FFFFFF	13
3933	#FFFFFF	13
3935	#FFFFFF	46
3936	#FFFFFF	46
3937	#FFFFFF	46
3938	#FFFFFF	46
3939	#FFFFFF	46
3940	#FFFFFF	46
3941	#FFFFFF	13
3942	#FFFFFF	13
3943	#FFFFFF	46
3944	#FFFFFF	46
3945	#FFFFFF	46
3946	#FFFFFF	46
3947	#FFFFFF	46
3948	#FFFFFF	46
3949	#FFFFFF	46
3950	#FFFFFF	46
3951	#FFFFFF	46
3952	#FFFFFF	46
3953	#FFFFFF	46
3954	#FFFFFF	46
3955	#FFFFFF	46
3956	#FFFFFF	46
3957	#FFFFFF	46
3958	#FFFFFF	46
3959	#FFFFFF	46
3960	#FFFFFF	46
3961	#FFFFFF	46
3962	#FFFFFF	46
3963	#FFFFFF	46
3964	#FFFFFF	46
3965	#FFFFFF	46
3966	#FFFFFF	13
3967	#FFFFFF	13
3968	#FFFFFF	13
3969	#FFFFFF	13
3970	#FFFFFF	13
3971	#FFFFFF	13
3972	#FFFFFF	13
3973	#FFFFFF	13
3974	#FFFFFF	13
3975	#FFFFFF	46
3976	#FFFFFF	13
3977	#FFFFFF	13
3978	#FFFFFF	13
3979	#FFFFFF	13
3980	#FFFFFF	13
3981	#FFFFFF	13
3982	#FFFFFF	13
3983	#FFFFFF	13
3984	#FFFFFF	13
3985	#FFFFFF	46
3986	#FFFFFF	46
3987	#FFFFFF	46
3988	#FFFFFF	46
3989	#FFFFFF	46
3991	#FFFFFF	13
3992	#FFFFFF	13
3993	#FFFFFF	46
3994	#FFFFFF	46
3995	#FFFFFF	46
3996	#FFFFFF	46
3997	#FFFFFF	46
3998	#FFFFFF	46
3999	#FFFFFF	46
4000	#FFFFFF	46
4001	#FFFFFF	46
4002	#FFFFFF	46
4003	#FFFFFF	46
4004	#FFFFFF	46
4005	#FFFFFF	46
4006	#FFFFFF	46
4007	#FFFFFF	46
4008	#FFFFFF	46
4009	#FFFFFF	46
4010	#FFFFFF	46
4011	#FFFFFF	46
4012	#FFFFFF	46
4013	#FFFFFF	46
4014	#FFFFFF	46
4015	#FFFFFF	46
4016	#FFFFFF	46
4017	#FFFFFF	13
4018	#FFFFFF	13
4019	#FFFFFF	13
4020	#FFFFFF	13
4021	#FFFFFF	13
4022	#FFFFFF	13
4023	#FFFFFF	13
4024	#FFFFFF	13
4025	#FFFFFF	46
4026	#FFFFFF	13
4027	#FFFFFF	13
4028	#FFFFFF	13
4029	#FFFFFF	13
4030	#FFFFFF	13
4031	#FFFFFF	13
4032	#FFFFFF	13
4033	#FFFFFF	13
4034	#FFFFFF	13
4036	#FFFFFF	46
4037	#FFFFFF	46
4038	#FFFFFF	46
4039	#FFFFFF	46
4040	#FFFFFF	46
4042	#FFFFFF	46
4043	#FFFFFF	46
4044	#FFFFFF	46
4045	#FFFFFF	46
4046	#FFFFFF	46
4047	#FFFFFF	13
4048	#FFFFFF	46
4049	#FFFFFF	13
4050	#FFFFFF	46
4051	#FFFFFF	46
4052	#FFFFFF	13
4053	#FFFFFF	46
4054	#FFFFFF	46
4055	#FFFFFF	46
4056	#FFFFFF	46
4057	#FFFFFF	13
4058	#FFFFFF	13
4059	#FFFFFF	46
4060	#FFFFFF	46
4061	#FFFFFF	13
4062	#FFFFFF	13
4063	#FFFFFF	46
4064	#FFFFFF	46
4065	#FFFFFF	46
4066	#FFFFFF	46
4067	#FFFFFF	13
4068	#FFFFFF	46
4069	#FFFFFF	46
4070	#FFFFFF	46
4071	#FFFFFF	13
4072	#FFFFFF	13
4073	#FFFFFF	13
4074	#FFFFFF	46
4075	#FFFFFF	46
4076	#FFFFFF	46
4077	#FFFFFF	46
4078	#FFFFFF	46
4079	#FFFFFF	46
4080	#FFFFFF	46
4081	#FFFFFF	46
4082	#FFFFFF	46
4083	#FFFFFF	46
4084	#FFFFFF	46
4085	#FFFFFF	46
4087	#FFFFFF	46
4088	#FFFFFF	46
4089	#FFFFFF	46
4090	#FFFFFF	46
4091	#FFFFFF	46
4092	#FFFFFF	46
4093	#FFFFFF	46
4094	#FFFFFF	46
4095	#FFFFFF	46
4096	#FFFFFF	46
4097	#FFFFFF	13
4098	#FFFFFF	13
4099	#FFFFFF	46
4100	#FFFFFF	46
4101	#FFFFFF	46
4102	#FFFFFF	46
4103	#FFFFFF	13
4104	#FFFFFF	13
4105	#FFFFFF	46
4106	#FFFFFF	46
4107	#FFFFFF	46
4108	#FFFFFF	13
4109	#FFFFFF	46
4110	#FFFFFF	46
4111	#FFFFFF	13
4112	#FFFFFF	13
4113	#FFFFFF	13
4114	#FFFFFF	46
4115	#FFFFFF	46
4116	#FFFFFF	46
4117	#FFFFFF	13
4118	#FFFFFF	13
4119	#FFFFFF	46
4120	#FFFFFF	46
4121	#FFFFFF	13
4122	#FFFFFF	46
4123	#FFFFFF	46
4124	#FFFFFF	13
4125	#FFFFFF	46
4126	#FFFFFF	46
4127	#FFFFFF	46
4128	#FFFFFF	46
4129	#FFFFFF	46
4130	#FFFFFF	46
4131	#FFFFFF	46
4132	#FFFFFF	46
4133	#FFFFFF	46
4134	#FFFFFF	46
4135	#FFFFFF	46
4136	#FFFFFF	46
4137	#FFFFFF	46
4138	#FFFFFF	46
4139	#FFFFFF	46
4140	#FFFFFF	46
4141	#FFFFFF	46
4143	#FFFFFF	46
4144	#FFFFFF	46
4145	#FFFFFF	46
4146	#FFFFFF	46
4147	#FFFFFF	46
4148	#FFFFFF	13
4149	#FFFFFF	13
4150	#FFFFFF	46
4151	#FFFFFF	46
4152	#FFFFFF	46
4153	#FFFFFF	13
4154	#FFFFFF	13
4155	#FFFFFF	46
4156	#FFFFFF	13
4157	#FFFFFF	13
4158	#FFFFFF	13
4159	#FFFFFF	13
4160	#FFFFFF	46
4161	#FFFFFF	46
4162	#FFFFFF	13
4163	#FFFFFF	13
4164	#FFFFFF	13
4165	#FFFFFF	46
4166	#FFFFFF	46
4167	#FFFFFF	46
4168	#FFFFFF	13
4169	#FFFFFF	13
4170	#FFFFFF	46
4171	#FFFFFF	13
4172	#FFFFFF	46
4173	#FFFFFF	46
4174	#FFFFFF	13
4175	#FFFFFF	46
4176	#FFFFFF	46
4177	#FFFFFF	46
4178	#FFFFFF	46
4179	#FFFFFF	46
4180	#FFFFFF	46
4181	#FFFFFF	46
4182	#FFFFFF	46
4183	#FFFFFF	46
4184	#FFFFFF	46
4185	#FFFFFF	46
4186	#FFFFFF	46
4188	#FFFFFF	46
4189	#FFFFFF	46
4190	#FFFFFF	46
4191	#FFFFFF	46
4192	#FFFFFF	46
4193	#FFFFFF	46
4194	#FFFFFF	46
4195	#FFFFFF	46
4196	#FFFFFF	46
4197	#FFFFFF	46
4198	#FFFFFF	46
4199	#FFFFFF	13
4200	#FFFFFF	13
4201	#FFFFFF	46
4202	#FFFFFF	46
4203	#FFFFFF	13
4204	#FFFFFF	13
4205	#FFFFFF	13
4206	#FFFFFF	46
4207	#FFFFFF	13
4208	#FFFFFF	13
4209	#FFFFFF	13
4210	#FFFFFF	46
4211	#FFFFFF	46
4212	#FFFFFF	46
4213	#FFFFFF	13
4214	#FFFFFF	13
4215	#FFFFFF	46
4216	#FFFFFF	13
4217	#FFFFFF	46
4218	#FFFFFF	46
4219	#FFFFFF	13
4220	#FFFFFF	13
4221	#FFFFFF	46
4222	#FFFFFF	46
4223	#FFFFFF	46
4224	#FFFFFF	46
4225	#FFFFFF	46
4226	#FFFFFF	46
4227	#FFFFFF	46
4228	#FFFFFF	46
4229	#FFFFFF	46
4230	#FFFFFF	46
4231	#FFFFFF	46
4232	#FFFFFF	46
4233	#FFFFFF	46
4234	#FFFFFF	46
4235	#FFFFFF	46
4236	#FFFFFF	46
4237	#FFFFFF	46
4238	#FFFFFF	46
4239	#FFFFFF	46
4240	#FFFFFF	46
4241	#FFFFFF	46
4242	#FFFFFF	46
4244	#FFFFFF	46
4245	#FFFFFF	46
4246	#FFFFFF	46
4247	#FFFFFF	46
4248	#FFFFFF	46
4249	#FFFFFF	46
4250	#FFFFFF	13
4251	#FFFFFF	13
4252	#FFFFFF	13
4253	#FFFFFF	46
4254	#FFFFFF	13
4255	#FFFFFF	13
4256	#FFFFFF	46
4257	#FFFFFF	13
4258	#FFFFFF	13
4259	#FFFFFF	13
4260	#FFFFFF	13
4261	#FFFFFF	46
4262	#FFFFFF	13
4263	#FFFFFF	46
4264	#FFFFFF	13
4265	#FFFFFF	46
4266	#FFFFFF	13
4267	#FFFFFF	46
4268	#FFFFFF	13
4269	#FFFFFF	13
4270	#FFFFFF	13
4271	#FFFFFF	13
4272	#FFFFFF	46
4273	#FFFFFF	46
4274	#FFFFFF	46
4275	#FFFFFF	46
4276	#FFFFFF	46
4277	#FFFFFF	46
4278	#FFFFFF	46
4279	#FFFFFF	46
4280	#FFFFFF	46
4281	#FFFFFF	46
4282	#FFFFFF	46
4283	#FFFFFF	46
4284	#FFFFFF	46
4285	#FFFFFF	46
4286	#FFFFFF	46
4287	#FFFFFF	46
4289	#FFFFFF	46
4290	#FFFFFF	46
4291	#FFFFFF	46
4292	#FFFFFF	46
4293	#FFFFFF	46
4294	#FFFFFF	46
4295	#FFFFFF	46
4296	#FFFFFF	46
4297	#FFFFFF	46
4298	#FFFFFF	46
4299	#FFFFFF	46
4300	#FFFFFF	13
4301	#FFFFFF	13
4302	#FFFFFF	13
4303	#FFFFFF	13
4304	#FFFFFF	13
4305	#FFFFFF	13
4306	#FFFFFF	13
4307	#FFFFFF	46
4308	#FFFFFF	13
4309	#FFFFFF	13
4310	#FFFFFF	13
4311	#FFFFFF	13
4312	#FFFFFF	13
4313	#FFFFFF	46
4314	#FFFFFF	46
4315	#FFFFFF	13
4316	#FFFFFF	13
4317	#FFFFFF	13
4318	#FFFFFF	46
4319	#FFFFFF	13
4320	#FFFFFF	13
4321	#FFFFFF	13
4322	#FFFFFF	46
4323	#FFFFFF	46
4324	#FFFFFF	46
4325	#FFFFFF	46
4326	#FFFFFF	46
4327	#FFFFFF	46
4328	#FFFFFF	46
4329	#FFFFFF	46
4330	#FFFFFF	46
4331	#FFFFFF	46
4332	#FFFFFF	46
4333	#FFFFFF	46
4334	#FFFFFF	46
4335	#FFFFFF	46
4336	#FFFFFF	46
4337	#FFFFFF	46
4338	#FFFFFF	46
4339	#FFFFFF	46
4340	#FFFFFF	46
4341	#FFFFFF	46
4342	#FFFFFF	46
4343	#FFFFFF	46
4345	#FFFFFF	46
4346	#FFFFFF	46
4347	#FFFFFF	46
4348	#FFFFFF	46
4349	#FFFFFF	46
4350	#FFFFFF	46
4351	#FFFFFF	46
4352	#FFFFFF	46
4353	#FFFFFF	13
4354	#FFFFFF	13
4355	#FFFFFF	13
4356	#FFFFFF	13
4357	#FFFFFF	46
4358	#FFFFFF	13
4359	#FFFFFF	13
4360	#FFFFFF	13
4361	#FFFFFF	13
4362	#FFFFFF	13
4363	#FFFFFF	13
4364	#FFFFFF	13
4365	#FFFFFF	13
4366	#FFFFFF	13
4367	#FFFFFF	13
4368	#FFFFFF	46
4369	#FFFFFF	13
4370	#FFFFFF	13
4371	#FFFFFF	13
4372	#FFFFFF	13
4373	#FFFFFF	13
4374	#FFFFFF	46
4375	#FFFFFF	46
4376	#FFFFFF	46
4377	#FFFFFF	46
4378	#FFFFFF	46
4379	#FFFFFF	46
4380	#FFFFFF	46
4381	#FFFFFF	46
4382	#FFFFFF	46
4383	#FFFFFF	46
4384	#FFFFFF	46
4385	#FFFFFF	46
4386	#FFFFFF	46
4387	#FFFFFF	46
4388	#FFFFFF	46
4390	#FFFFFF	46
4391	#FFFFFF	46
4392	#FFFFFF	46
4393	#FFFFFF	46
4394	#FFFFFF	46
4395	#FFFFFF	46
4396	#FFFFFF	46
4397	#FFFFFF	46
4398	#FFFFFF	46
4399	#FFFFFF	46
4400	#FFFFFF	46
4401	#FFFFFF	46
4402	#FFFFFF	46
4403	#FFFFFF	46
4404	#FFFFFF	13
4405	#FFFFFF	13
4406	#FFFFFF	13
4407	#FFFFFF	13
4408	#FFFFFF	46
4409	#FFFFFF	13
4410	#FFFFFF	13
4411	#FFFFFF	13
4412	#FFFFFF	13
4413	#FFFFFF	13
4414	#FFFFFF	13
4415	#FFFFFF	13
4416	#FFFFFF	13
4417	#FFFFFF	13
4418	#FFFFFF	13
4419	#FFFFFF	46
4420	#FFFFFF	13
4421	#FFFFFF	13
4422	#FFFFFF	13
4423	#FFFFFF	13
4424	#FFFFFF	13
4425	#FFFFFF	46
4426	#FFFFFF	46
4427	#FFFFFF	46
4428	#FFFFFF	46
4429	#FFFFFF	46
4430	#FFFFFF	46
4431	#FFFFFF	46
4432	#FFFFFF	46
4433	#FFFFFF	46
4434	#FFFFFF	46
4435	#FFFFFF	46
4436	#FFFFFF	46
4437	#FFFFFF	46
4438	#FFFFFF	46
4439	#FFFFFF	46
4440	#FFFFFF	46
4441	#FFFFFF	46
4442	#FFFFFF	46
4443	#FFFFFF	46
4444	#FFFFFF	46
4446	#FFFFFF	46
4447	#FFFFFF	46
4448	#FFFFFF	46
4449	#FFFFFF	46
4450	#FFFFFF	46
4451	#FFFFFF	46
4452	#FFFFFF	46
4453	#FFFFFF	13
4454	#FFFFFF	13
4455	#FFFFFF	13
4456	#FFFFFF	13
4457	#FFFFFF	13
4458	#FFFFFF	46
4459	#FFFFFF	13
4460	#FFFFFF	13
4461	#FFFFFF	13
4462	#FFFFFF	13
4463	#FFFFFF	13
4464	#FFFFFF	13
4465	#FFFFFF	13
4466	#FFFFFF	13
4467	#FFFFFF	13
4468	#FFFFFF	13
4469	#FFFFFF	46
4470	#FFFFFF	13
4471	#FFFFFF	13
4472	#FFFFFF	13
4473	#FFFFFF	46
4474	#FFFFFF	13
4475	#FFFFFF	46
4476	#FFFFFF	46
4477	#FFFFFF	46
4478	#FFFFFF	46
4479	#FFFFFF	46
4480	#FFFFFF	46
4481	#FFFFFF	46
4482	#FFFFFF	46
4483	#FFFFFF	46
4484	#FFFFFF	46
4485	#FFFFFF	46
4486	#FFFFFF	46
4487	#FFFFFF	46
4488	#FFFFFF	46
4489	#FFFFFF	46
4491	#FFFFFF	46
4492	#FFFFFF	46
4493	#FFFFFF	46
4494	#FFFFFF	46
4495	#FFFFFF	46
4496	#FFFFFF	46
4497	#FFFFFF	46
4498	#FFFFFF	46
4499	#FFFFFF	46
4500	#FFFFFF	46
4501	#FFFFFF	46
4502	#FFFFFF	46
4503	#FFFFFF	46
4504	#FFFFFF	13
4505	#FFFFFF	13
4506	#FFFFFF	13
4507	#FFFFFF	13
4508	#FFFFFF	13
4509	#FFFFFF	46
4510	#FFFFFF	13
4511	#FFFFFF	13
4512	#FFFFFF	13
4513	#FFFFFF	13
4514	#FFFFFF	13
4515	#FFFFFF	13
4516	#FFFFFF	13
4517	#FFFFFF	13
4518	#FFFFFF	13
4519	#FFFFFF	13
4520	#FFFFFF	46
4521	#FFFFFF	13
4522	#FFFFFF	13
4523	#FFFFFF	13
4524	#FFFFFF	46
4525	#FFFFFF	46
4526	#FFFFFF	46
4527	#FFFFFF	46
4528	#FFFFFF	46
4529	#FFFFFF	46
4530	#FFFFFF	46
4531	#FFFFFF	46
4532	#FFFFFF	46
4533	#FFFFFF	46
4534	#FFFFFF	46
4535	#FFFFFF	46
4536	#FFFFFF	46
4537	#FFFFFF	46
4538	#FFFFFF	46
4539	#FFFFFF	46
4540	#FFFFFF	46
4541	#FFFFFF	46
4542	#FFFFFF	46
4543	#FFFFFF	46
4544	#FFFFFF	46
4545	#FFFFFF	46
4547	#FFFFFF	13
4548	#FFFFFF	46
4549	#FFFFFF	46
4550	#FFFFFF	13
4551	#FFFFFF	13
4552	#FFFFFF	13
4553	#FFFFFF	13
4554	#FFFFFF	46
4555	#FFFFFF	46
4556	#FFFFFF	46
4557	#FFFFFF	46
4558	#FFFFFF	46
4559	#FFFFFF	46
4560	#FFFFFF	46
4561	#FFFFFF	13
4562	#FFFFFF	13
4563	#FFFFFF	13
4564	#FFFFFF	13
4565	#FFFFFF	13
4566	#FFFFFF	13
4567	#FFFFFF	46
4568	#FFFFFF	46
4569	#FFFFFF	13
4570	#FFFFFF	13
4571	#FFFFFF	13
4572	#FFFFFF	13
4573	#FFFFFF	13
4574	#FFFFFF	13
4575	#FFFFFF	13
4576	#FFFFFF	13
4577	#FFFFFF	13
4578	#FFFFFF	13
4579	#FFFFFF	46
4580	#FFFFFF	46
4581	#FFFFFF	13
4582	#FFFFFF	46
4583	#FFFFFF	46
4584	#FFFFFF	46
4585	#FFFFFF	46
4586	#FFFFFF	46
4587	#FFFFFF	46
4588	#FFFFFF	46
4589	#FFFFFF	46
4590	#FFFFFF	46
4592	#FFFFFF	46
4593	#FFFFFF	46
4594	#FFFFFF	46
4595	#FFFFFF	46
4596	#FFFFFF	46
4597	#FFFFFF	13
4598	#FFFFFF	46
4599	#FFFFFF	46
4600	#FFFFFF	46
4601	#FFFFFF	13
4602	#FFFFFF	13
4603	#FFFFFF	13
4604	#FFFFFF	13
4605	#FFFFFF	46
4606	#FFFFFF	46
4607	#FFFFFF	46
4608	#FFFFFF	46
4609	#FFFFFF	13
4610	#FFFFFF	13
4611	#FFFFFF	46
4612	#FFFFFF	13
4613	#FFFFFF	13
4614	#FFFFFF	13
4615	#FFFFFF	13
4616	#FFFFFF	46
4617	#FFFFFF	46
4618	#FFFFFF	13
4619	#FFFFFF	13
4620	#FFFFFF	13
4621	#FFFFFF	13
4622	#FFFFFF	13
4623	#FFFFFF	13
4624	#FFFFFF	13
4625	#FFFFFF	13
4626	#FFFFFF	13
4627	#FFFFFF	13
4628	#FFFFFF	13
4629	#FFFFFF	46
4630	#FFFFFF	46
4631	#FFFFFF	46
4632	#FFFFFF	46
4633	#FFFFFF	46
4634	#FFFFFF	46
4635	#FFFFFF	46
4636	#FFFFFF	46
4637	#FFFFFF	46
4638	#FFFFFF	46
4639	#FFFFFF	46
4640	#FFFFFF	46
4641	#FFFFFF	46
4642	#FFFFFF	46
4643	#FFFFFF	46
4644	#FFFFFF	46
4645	#FFFFFF	46
4646	#FFFFFF	46
4648	#FFFFFF	13
4649	#FFFFFF	13
4650	#FFFFFF	46
4651	#FFFFFF	13
4652	#FFFFFF	13
4653	#FFFFFF	13
4654	#FFFFFF	13
4655	#FFFFFF	46
4656	#FFFFFF	13
4657	#FFFFFF	46
4658	#FFFFFF	46
4659	#FFFFFF	13
4660	#FFFFFF	46
4661	#FFFFFF	13
4662	#FFFFFF	46
4663	#FFFFFF	13
4664	#FFFFFF	13
4665	#FFFFFF	13
4666	#FFFFFF	13
4667	#FFFFFF	46
4668	#FFFFFF	13
4669	#FFFFFF	13
4670	#FFFFFF	13
4671	#FFFFFF	13
4672	#FFFFFF	13
4673	#FFFFFF	13
4674	#FFFFFF	13
4675	#FFFFFF	13
4676	#FFFFFF	13
4677	#FFFFFF	13
4678	#FFFFFF	13
4679	#FFFFFF	46
4680	#FFFFFF	46
4681	#FFFFFF	46
4682	#FFFFFF	46
4683	#FFFFFF	46
4684	#FFFFFF	46
4685	#FFFFFF	46
4686	#FFFFFF	46
4687	#FFFFFF	46
4688	#FFFFFF	46
4689	#FFFFFF	46
4690	#FFFFFF	46
4691	#FFFFFF	46
4693	#FFFFFF	46
4694	#FFFFFF	46
4695	#FFFFFF	46
4696	#FFFFFF	46
4697	#FFFFFF	46
4698	#FFFFFF	13
4699	#FFFFFF	13
4700	#FFFFFF	13
4701	#FFFFFF	13
4702	#FFFFFF	13
4703	#FFFFFF	13
4704	#FFFFFF	13
4705	#FFFFFF	13
4706	#FFFFFF	13
4707	#FFFFFF	46
4708	#FFFFFF	13
4709	#FFFFFF	13
4710	#FFFFFF	13
4711	#FFFFFF	13
4712	#FFFFFF	13
4713	#FFFFFF	46
4714	#FFFFFF	13
4715	#FFFFFF	13
4716	#FFFFFF	46
4717	#FFFFFF	46
4718	#FFFFFF	13
4719	#FFFFFF	13
4720	#FFFFFF	13
4721	#FFFFFF	13
4722	#FFFFFF	13
4723	#FFFFFF	13
4724	#FFFFFF	13
4725	#FFFFFF	13
4726	#FFFFFF	13
4727	#FFFFFF	13
4728	#FFFFFF	13
4729	#FFFFFF	13
4730	#FFFFFF	46
4731	#FFFFFF	46
4732	#FFFFFF	46
4733	#FFFFFF	46
4734	#FFFFFF	46
4735	#FFFFFF	46
4736	#FFFFFF	46
4737	#FFFFFF	46
4738	#FFFFFF	46
4739	#FFFFFF	46
4740	#FFFFFF	46
4741	#FFFFFF	46
4742	#FFFFFF	46
4743	#FFFFFF	46
4744	#FFFFFF	46
4745	#FFFFFF	46
4746	#FFFFFF	46
4747	#FFFFFF	46
4749	#FFFFFF	13
4750	#FFFFFF	13
4751	#FFFFFF	46
4752	#FFFFFF	13
4753	#FFFFFF	13
4754	#FFFFFF	46
4755	#FFFFFF	13
4756	#FFFFFF	13
4757	#FFFFFF	46
4758	#FFFFFF	46
4759	#FFFFFF	13
4760	#FFFFFF	13
4761	#FFFFFF	13
4762	#FFFFFF	13
4763	#FFFFFF	46
4764	#FFFFFF	46
4765	#FFFFFF	46
4766	#FFFFFF	13
4767	#FFFFFF	46
4768	#FFFFFF	46
4769	#FFFFFF	13
4770	#FFFFFF	13
4771	#FFFFFF	13
4772	#FFFFFF	13
4773	#FFFFFF	13
4774	#FFFFFF	13
4775	#FFFFFF	13
4776	#FFFFFF	13
4777	#FFFFFF	13
4778	#FFFFFF	13
4779	#FFFFFF	13
4780	#FFFFFF	46
4781	#FFFFFF	46
4782	#FFFFFF	13
4783	#FFFFFF	13
4784	#FFFFFF	46
4785	#FFFFFF	46
4786	#FFFFFF	46
4787	#FFFFFF	46
4788	#FFFFFF	46
4789	#FFFFFF	46
4790	#FFFFFF	46
4791	#FFFFFF	46
4792	#FFFFFF	46
4794	#FFFFFF	46
4795	#FFFFFF	46
4796	#FFFFFF	46
4797	#FFFFFF	46
4798	#FFFFFF	46
4799	#FFFFFF	13
4800	#FFFFFF	13
4801	#FFFFFF	13
4802	#FFFFFF	46
4803	#FFFFFF	46
4804	#FFFFFF	13
4805	#FFFFFF	46
4806	#FFFFFF	13
4807	#FFFFFF	13
4808	#FFFFFF	46
4809	#FFFFFF	46
4810	#FFFFFF	46
4811	#FFFFFF	13
4812	#FFFFFF	13
4813	#FFFFFF	13
4814	#FFFFFF	46
4815	#FFFFFF	46
4816	#FFFFFF	13
4817	#FFFFFF	46
4818	#FFFFFF	13
4819	#FFFFFF	13
4820	#FFFFFF	13
4821	#FFFFFF	13
4822	#FFFFFF	13
4823	#FFFFFF	13
4824	#FFFFFF	13
4825	#FFFFFF	13
4826	#FFFFFF	13
4827	#FFFFFF	13
4828	#FFFFFF	13
4829	#FFFFFF	13
4830	#FFFFFF	13
4831	#FFFFFF	46
4832	#FFFFFF	13
4833	#FFFFFF	46
4834	#FFFFFF	13
4835	#FFFFFF	46
4836	#FFFFFF	46
4837	#FFFFFF	46
4838	#FFFFFF	46
4839	#FFFFFF	46
4840	#FFFFFF	46
4841	#FFFFFF	46
4842	#FFFFFF	46
4843	#FFFFFF	46
4844	#FFFFFF	46
4845	#FFFFFF	46
4846	#FFFFFF	46
4847	#FFFFFF	46
4848	#FFFFFF	46
4850	#FFFFFF	13
4851	#FFFFFF	13
4852	#FFFFFF	46
4853	#FFFFFF	46
4854	#FFFFFF	46
4855	#FFFFFF	13
4856	#FFFFFF	46
4857	#FFFFFF	46
4858	#FFFFFF	46
4859	#FFFFFF	46
4860	#FFFFFF	46
4861	#FFFFFF	46
4862	#FFFFFF	13
4863	#FFFFFF	13
4864	#FFFFFF	13
4865	#FFFFFF	46
4866	#FFFFFF	13
4867	#FFFFFF	13
4868	#FFFFFF	13
4869	#FFFFFF	13
4870	#FFFFFF	283
4871	#FFFFFF	13
4872	#FFFFFF	13
4873	#FFFFFF	13
4874	#FFFFFF	13
4875	#FFFFFF	13
4876	#FFFFFF	13
4877	#FFFFFF	13
4878	#FFFFFF	13
4879	#FFFFFF	13
4880	#FFFFFF	13
4881	#FFFFFF	46
4882	#FFFFFF	13
4883	#FFFFFF	46
4884	#FFFFFF	13
4885	#FFFFFF	46
4886	#FFFFFF	46
4887	#FFFFFF	46
4888	#FFFFFF	46
4889	#FFFFFF	46
4890	#FFFFFF	46
4891	#FFFFFF	46
4892	#FFFFFF	46
4893	#FFFFFF	46
4895	#FFFFFF	13
4896	#FFFFFF	13
4897	#FFFFFF	46
4898	#FFFFFF	46
4899	#FFFFFF	46
4900	#FFFFFF	13
4901	#FFFFFF	13
4902	#FFFFFF	13
4903	#FFFFFF	46
4904	#FFFFFF	46
4905	#FFFFFF	13
4906	#FFFFFF	13
4907	#FFFFFF	46
4908	#FFFFFF	46
4909	#FFFFFF	46
4910	#FFFFFF	46
4911	#FFFFFF	13
4912	#FFFFFF	13
4913	#FFFFFF	13
4914	#FFFFFF	13
4915	#FFFFFF	46
4916	#FFFFFF	13
4917	#FFFFFF	13
4918	#FFFFFF	13
4919	#FFFFFF	13
4920	#FFFFFF	283
4921	#FFFFFF	13
4922	#FFFFFF	283
4923	#FFFFFF	13
4924	#FFFFFF	13
4925	#FFFFFF	283
4926	#FFFFFF	13
4927	#FFFFFF	13
4928	#FFFFFF	13
4929	#FFFFFF	13
4930	#FFFFFF	13
4931	#FFFFFF	13
4932	#FFFFFF	46
4933	#FFFFFF	13
4934	#FFFFFF	46
4935	#FFFFFF	13
4936	#FFFFFF	46
4937	#FFFFFF	46
4938	#FFFFFF	46
4939	#FFFFFF	46
4940	#FFFFFF	46
4941	#FFFFFF	46
4942	#FFFFFF	46
4943	#FFFFFF	46
4944	#FFFFFF	46
4945	#FFFFFF	13
4946	#FFFFFF	46
4947	#FFFFFF	13
4948	#FFFFFF	13
4949	#FFFFFF	13
4951	#FFFFFF	13
4952	#FFFFFF	13
4953	#FFFFFF	13
4954	#FFFFFF	46
4955	#FFFFFF	46
4956	#FFFFFF	13
4957	#FFFFFF	46
4958	#FFFFFF	46
4959	#FFFFFF	46
4960	#FFFFFF	46
4961	#FFFFFF	13
4962	#FFFFFF	13
4963	#FFFFFF	46
4964	#FFFFFF	13
4965	#FFFFFF	13
4966	#FFFFFF	13
4967	#FFFFFF	13
4968	#FFFFFF	13
4969	#FFFFFF	13
4970	#FFFFFF	283
4971	#FFFFFF	283
4972	#FFFFFF	283
4973	#FFFFFF	13
4974	#FFFFFF	46
4975	#FFFFFF	283
4976	#FFFFFF	283
4977	#FFFFFF	13
4978	#FFFFFF	13
4979	#FFFFFF	13
4980	#FFFFFF	13
4981	#FFFFFF	13
4982	#FFFFFF	13
4983	#FFFFFF	46
4984	#FFFFFF	13
4985	#FFFFFF	13
4986	#FFFFFF	13
4987	#FFFFFF	13
4988	#FFFFFF	13
4989	#FFFFFF	46
4990	#FFFFFF	46
4991	#FFFFFF	46
4992	#FFFFFF	46
4993	#FFFFFF	46
4994	#FFFFFF	46
4996	#FFFFFF	46
4997	#FFFFFF	13
4998	#FFFFFF	46
4999	#FFFFFF	13
5000	#FFFFFF	13
5001	#FFFFFF	13
5002	#FFFFFF	13
5003	#FFFFFF	13
5004	#FFFFFF	13
5005	#FFFFFF	46
5006	#FFFFFF	46
5007	#FFFFFF	46
5008	#FFFFFF	13
5009	#FFFFFF	46
5010	#FFFFFF	13
5011	#FFFFFF	13
5012	#FFFFFF	13
5013	#FFFFFF	13
5014	#FFFFFF	46
5015	#FFFFFF	13
5016	#FFFFFF	13
5017	#FFFFFF	13
5018	#FFFFFF	13
5019	#FFFFFF	13
5020	#FFFFFF	13
5021	#FFFFFF	283
5022	#FFFFFF	283
5023	#FFFFFF	13
5024	#FFFFFF	283
5025	#FFFFFF	13
5026	#FFFFFF	283
5027	#FFFFFF	283
5028	#FFFFFF	13
5029	#FFFFFF	13
5030	#FFFFFF	13
5031	#FFFFFF	13
5032	#FFFFFF	46
5033	#FFFFFF	46
5034	#FFFFFF	13
5035	#FFFFFF	13
5036	#FFFFFF	46
5037	#FFFFFF	13
5038	#FFFFFF	13
5039	#FFFFFF	13
5040	#FFFFFF	46
5041	#FFFFFF	46
5042	#FFFFFF	46
5043	#FFFFFF	46
5044	#FFFFFF	46
5045	#FFFFFF	46
5046	#FFFFFF	46
5047	#FFFFFF	46
5048	#FFFFFF	46
5049	#FFFFFF	13
5050	#FFFFFF	13
5052	#FFFFFF	13
5053	#FFFFFF	13
5054	#FFFFFF	13
5055	#FFFFFF	46
5056	#FFFFFF	46
5057	#FFFFFF	46
5058	#FFFFFF	13
5059	#FFFFFF	13
5060	#FFFFFF	13
5061	#FFFFFF	13
5062	#FFFFFF	13
5063	#FFFFFF	13
5064	#FFFFFF	46
5065	#FFFFFF	13
5066	#FFFFFF	13
5067	#FFFFFF	13
5068	#FFFFFF	13
5069	#FFFFFF	13
5070	#FFFFFF	13
5071	#FFFFFF	283
5072	#FFFFFF	13
5073	#FFFFFF	283
5074	#FFFFFF	283
5075	#FFFFFF	46
5076	#FFFFFF	283
5077	#FFFFFF	13
5078	#FFFFFF	283
5079	#FFFFFF	13
5080	#FFFFFF	13
5081	#FFFFFF	13
5082	#FFFFFF	13
5083	#FFFFFF	46
5084	#FFFFFF	13
5085	#FFFFFF	13
5086	#FFFFFF	13
5087	#FFFFFF	13
5088	#FFFFFF	13
5089	#FFFFFF	13
5090	#FFFFFF	13
5091	#FFFFFF	46
5092	#FFFFFF	46
5093	#FFFFFF	46
5094	#FFFFFF	46
5095	#FFFFFF	46
5097	#FFFFFF	46
5098	#FFFFFF	46
5099	#FFFFFF	13
5100	#FFFFFF	46
5101	#FFFFFF	13
